"V1" "V2" "V3" "V4" "V5" "V6" "V7" "V8" "V9" "V10" "V11" "V12"
"1" -0.09387 -0.07926 0.0205 -0.21225 -0.01791 -0.01055 -0.1596 -0.07296 0.00302 -0.14049 -0.04848 -0.01079
"2" 0.01719 0.0461 -0.02493 -0.02812 -0.00829 -0.01564 0.01154 0.01903 -0.0134 0.07209 0.0282 -0.00598
"3" -0.05375 0.03364 0.03297 -0.03838 0.0316 0.03307 -0.04486 0.03638 0.04315 0.02599 0.03733 0.05209
"4" 0.13095 -0.00458 0.0081 -0.00511 -0.02136 -0.00123 0.09347 -0.01448 0.00171 0.10985 -0.01903 -0.00112
"5" 0.18297 -0.03335 0.03483 0.16712 0.01933 0.0377 0.21 -0.05261 0.0285 0.14227 -0.0565 0.02561
"6" -0.0647 0.00397 -0.01579 -0.05656 -0.01889 -0.03342 -0.11897 0.03305 -0.02002 -0.12092 0.07707 -0.01111
"7" -0.01719 -0.0228 -0.01746 -0.01981 -0.0216 -0.03778 0.03974 -0.03618 -0.02299 0.03734 -0.04215 -0.03402
"8" 0.21951 -0.00978 0.03403 0.20854 -0.02145 -0.00828 0.21501 -0.01882 0.03253 0.10672 -0.02694 0.03509
"9" 0.05156 -0.11242 -0.00168 0.0878 -0.05042 -0.00021 0.05511 -0.18143 0.02594 0.03499 -0.15817 0.0263
"10" 0.1505 -0.02417 0.03908 -0.05433 -0.02693 0.00526 0.20498 -0.04051 0.06706 0.1876 -0.05202 0.06406
"11" -0.12877 0.03373 0.02349 -0.02719 0.00339 0.02148 -0.13931 0.06098 0.0206 -0.13691 0.04931 0.03218
"12" 0.04936 0.03887 -0.00047 -0.01088 0.06696 0.01698 0.10878 0.07769 -0.00798 0.01815 0.08544 0.00989
"13" 0.05156 -0.05972 0.01161 -0.03449 -0.06231 -0.00489 -0.00641 -0.0274 0.01506 0.0427 0.01186 0.00031
"14" -0.0793 -0.04755 0.02605 -0.09319 0.02701 -0.01551 -0.07814 -0.07014 0.01798 -0.01033 -0.05077 0.04141
"15" -0.08003 0.11629 0.03423 -0.09768 0.0941 -0.00257 -0.13423 0.14139 0.02616 -0.11102 0.13786 0.02194
"16" -0.14399 -0.03954 -0.07841 0.01055 -0.0882 -0.02837 -0.14693 -0.05322 -0.08404 -0.10378 -0.06814 -0.06531
"17" 0.07419 -0.05292 -0.0235 0.0483 0.01013 0.01443 0.11642 -0.05241 -0.01405 0.08672 -0.05814 0.01065
"18" 0.15557 0.04712 0.00229 0.02978 0.05512 -0.02497 0.25241 0.03719 0.00388 0.27399 0.02499 -0.00166
"19" 0.11933 0.08152 -0.00787 0.09004 0.05348 -0.03951 0.1596 0.11957 0.00579 0.12971 0.13146 0.01866
"20" -0.02451 -0.09391 -0.01899 -0.01118 -0.09161 0.02671 0.03205 -0.13869 -0.03125 0.03346 -0.09721 -0.02394
"21" -0.04279 -0.01548 0.04912 -0.07089 0.00035 0.05019 -0.12406 -0.01802 0.05791 -0.0149 0.00299 0.05013
"22" -0.04425 0.05832 -0.04627 0.05334 -0.02909 -0.01889 -0.08325 0.04656 -0.04164 -0.09583 0.02366 -0.05185
"23" -0.12442 0.03666 -0.01181 -0.22596 0.00135 -0.04207 -0.22002 -0.00045 0.02188 -0.18251 -0.00742 0.02972
"24" 0.02889 -0.04488 0.03954 0.15497 0.0014 -0.00075 0.00128 -0.06188 0.0431 -0.0186 -0.06809 0.04112
"25" -0.00988 0.04735 -0.0398 0.05556 0.07508 -0.00773 0.0423 0.07699 -0.04848 0.05382 0.05283 -0.03293
"26" -0.19374 -0.03123 -0.02217 -0.15314 0.04068 -0.01031 -0.16972 -0.03184 -0.0744 -0.1575 -0.032 -0.07113
"27" 0.17793 0.06053 -0.04327 0.12962 0.07042 -0.03888 0.25737 0.10684 -0.06696 0.26717 0.12074 -0.06235
"28" 0.04059 -0.07906 -0.01953 0.04633 -0.0467 -0.00386 -0.00641 -0.10483 -0.03392 0.03806 -0.02405 -0.0308
"29" 0.0997 -0.00481 0.05712 -0.04251 -0.00914 0.02099 0.10623 -0.00792 0.07997 0.07183 0.02649 0.08785
"30" 0.00988 0.00612 0.02606 -0.07596 0.07573 0.00186 -0.08325 0.02175 -0.00179 -0.08247 0.00266 -0.02109
"31" -0.10698 0.06923 0.03905 -0.19568 0.03031 0.05066 -0.15707 0.08976 0.07518 -0.0766 0.08271 0.09104
"32" -0.08221 0.04892 0.02456 0.03133 0.02202 0.0233 -0.05255 0.08272 0.03059 -0.01854 0.06263 0.01682
"33" -0.11861 -0.04625 0.01797 0.00511 -0.06629 0.02529 -0.05767 -0.10694 0.02901 -0.01946 -0.08411 0.04176
"34" 0.05009 -0.0185 -0.04992 0.01087 0.06914 -0.04088 -0.00128 0.00479 -0.05867 -0.00419 0.03183 -0.06753
"35" -0.01792 -0.06038 -0.01211 -0.00352 -0.05057 -0.01539 0.03718 -0.04838 -0.03127 0.03251 -0.05611 -0.05086
"36" -0.07273 -0.10684 -0.04939 -0.15825 -0.07707 -0.03124 -0.16466 -0.13449 -0.02878 -0.17321 -0.1291 -0.0066
"37" -0.015 0.0475 -0.01677 -0.09795 0.11912 -0.04071 -0.03974 0.07799 0.01269 0.01542 0.07796 0.03381
"38" 0.18225 -0.03373 0.01502 0.11233 -0.08894 -0.01141 0.27961 -0.05281 0.03271 0.25202 -0.04082 0.05045
"39" 0.02816 0.03727 -0.001 -0.12503 -0.03112 0.01837 -0.04743 0.01993 0.00431 -0.09946 -0.02003 -0.01857
"40" -0.04279 -0.00455 0.00975 0.05306 0.00536 -0.00596 -0.05511 -0.03648 3e-04 -0.0411 -0.00997 0.01335
"41" 0.0479 0.04491 -0.00953 -0.00416 -0.00189 0.00268 -0.03974 0.0385 -0.00949 -0.05715 0.06008 -0.02106
"42" 0.0844 -0.01022 -0.02763 0.19317 -0.01039 -0.03435 0.11133 -0.04939 -0.05158 0.0459 -0.09755 -0.05068
"43" -0.03548 0.01879 -0.0108 -0.02428 -0.05276 0.02915 -0.0807 0.03113 0.00166 -0.08246 0.01151 0.00095
"44" -0.0011 0.06514 0.00248 -0.0128 0.04655 -0.05746 -0.03461 0.08071 3e-04 -0.05494 0.06261 -0.00427
"45" -0.02524 0.02341 -0.00461 -0.14013 -0.05855 0.01914 0.00385 -0.01519 0.01624 -0.04539 -0.0433 -0.00851
"46" -0.12732 0.07877 -0.04096 -0.06042 0.05743 -0.02816 -0.11897 0.15516 -0.06058 -0.11429 0.15515 -0.05766
"47" -0.0895 0.01969 0.00017 -0.04478 -0.01571 -0.04699 -0.16719 0.02014 -0.00501 -0.15424 0.01059 0.01541
"48" -0.0895 -0.08616 -0.00062 -0.03195 -0.03872 0.03438 -0.11642 -0.10955 -0.01682 -0.13386 -0.10673 -0.02561
"49" -0.18728 -0.00708 0.04569 -0.04828 0.04629 0.04583 -0.152 -0.01529 0.06689 -0.0298 -0.01792 0.05293
"50" 0.15412 -0.01995 -0.0811 0.13614 -0.0348 -0.01745 0.16719 -0.01166 -0.11483 0.2114 -0.0152 -0.10636
"51" 0.04571 -0.0416 0.03711 0.08083 0.00155 0.04031 0.02436 -0.0388 0.02722 -0.00547 -0.04672 0.01773
"52" 0.06616 -0.03106 -0.00693 0.05848 -0.03403 0.00897 0.01667 -0.05221 0.01106 -0.02194 -0.04769 -0.00083
"53" -0.08294 0.0208 0.0212 -0.03995 0.00404 0.00702 -0.16719 0.02528 0.03409 -0.18512 0.03075 0.04397
"54" 0.1844 0.01403 0.0399 0.1492 0.01675 -0.00214 0.23999 0.02034 0.06493 0.24976 0.04265 0.06669
"55" 0.09387 0.09901 0.00122 -0.04376 0.08596 0.02456 0.12915 0.12638 0.00446 0.08022 0.1037 -0.00452
"56" 0.01353 -0.03143 0.00402 0.03612 -0.02547 0.00508 0.03461 -0.02175 0.01327 0.0659 -0.02443 0.01802
"57" 0.00037 0.04392 -0.0249 0.03835 -0.01264 -0.00894 0.06023 0.05594 -0.05535 0.09366 0.01106 -0.03848
"58" -0.02231 -0.03602 0.00438 0.08688 -0.08059 -0.00226 -0.04743 -0.03497 0.02218 -0.01612 -0.04691 0.03682
"59" -0.19087 0.02164 0.04458 -0.07186 -0.02901 0.04959 -0.20498 -0.0162 0.07972 -0.19546 -0.02639 0.07751
"60" -0.02012 0.00577 0.02872 -0.08245 0.01521 0.03698 -0.04999 0.05302 0.01823 -0.04237 0.08747 0.01154
"61" -0.06908 0.09114 0.01626 -0.13705 0.06357 -0.02903 -0.00641 0.11135 0.01493 0.04328 0.1096 0.01579
"62" -0.19805 0.00871 0.02822 -0.10308 0.00533 0.0363 -0.29924 -0.01489 0.01994 -0.29641 -0.03832 0.03448
"63" -0.10698 -0.00545 -0.07897 0.12369 0.00032 -0.08091 -0.02949 0.00207 -0.08015 -0.03879 0.04236 -0.08398
"64" -0.03182 0.0699 -0.02579 -0.04538 0.07421 -0.0152 -0.01923 0.09589 -0.07131 -0.01242 0.09508 -0.07813
"65" -0.08076 0.02051 0.05524 -0.08433 -0.00241 0.06015 -0.05511 -0.01569 0.08404 -0.03106 -0.01806 0.08529
"66" 0.20306 0.04956 -0.01608 0.07285 0.06324 -0.03981 0.19242 0.07508 -0.00604 0.19027 0.06357 -0.00497
"67" 0.00037 0.04741 0.07495 0.05497 -0.01171 0.02921 -0.08325 0.05423 0.07575 -0.06208 0.07039 0.07131
"68" -0.08294 -0.04384 -0.0125 0.0275 -0.06807 -0.04174 -0.07047 -0.11516 -0.0355 -0.12434 -0.13999 -0.02776
"69" 0.07638 -0.00286 -0.00366 0.15269 -0.03191 -0.05566 0.14439 -0.04485 -0.01249 0.18246 -0.05524 0.00998
"70" 0.11279 0.06543 -0.03423 0.18849 0.01694 0.01245 0.12915 0.06803 -0.01415 0.1547 0.06429 -0.01118
"71" -0.06251 -0.11054 -0.01275 -0.12056 -0.02865 -0.00951 -0.09602 -0.12017 -0.00856 -0.08462 -0.07312 -0.00272
"72" 0.07857 -0.01158 0.03187 -0.02717 0.04247 0.07676 0.05511 0.04616 0.04614 -0.00146 0.09472 0.03117
"73" 0.08586 0.04259 -0.02524 0.13992 0.01847 0.00114 0.08836 0.05977 -0.03605 -0.01914 0.07344 -0.02446
"74" 0.0011 -0.0468 -0.00314 -0.08365 -0.02624 -0.036 0.03205 -0.06098 0.02213 -0.02314 -0.07158 0.03039
"75" -0.09679 0.06064 -0.05068 0.03422 0.06533 -0.04841 -0.13169 0.08876 -0.05917 -0.19955 0.10441 -0.06363
"76" -0.13892 -0.05606 -0.0213 -0.1088 0.01757 0.01704 -0.13169 -0.02952 -0.01697 -0.15886 -0.00283 -0.01604
"77" -0.03767 -0.01516 0.01437 0.02942 -0.02935 -0.00985 -0.03718 -0.01065 0.01959 0.04586 0.00771 0.04078
"78" -0.10334 0.07804 0.00447 -0.00544 0.11156 0.03056 -0.13931 0.09067 -0.00622 -0.04089 0.0226 -0.0171
"79" -0.13167 0.06505 0.01658 -0.29171 0.08749 0.01669 -0.24496 0.11687 0.02898 -0.21565 0.12789 0.02904
"80" -0.03474 0.03692 0.00497 -0.02976 -0.02116 0.01294 0.01154 0.04979 -0.00159 -0.07441 0.10071 -0.02726
"81" 0.06981 -0.01054 -0.05117 0.05494 -0.00502 -0.0393 0.04999 0.02044 -0.04524 0.0045 0.0275 -0.06292
"82" -0.10989 0.02949 -0.06501 -0.02687 -0.04662 -0.00719 -0.08325 0.00116 -0.06885 -0.1199 0.04439 -0.07288
"83" -0.01353 -0.02861 0.06783 0.12277 0.03486 0.066 -0.01154 -0.03416 0.0952 0.03956 -0.05732 0.08545
"84" 0.03767 0.09883 0.00356 -0.14878 0.1302 -0.00537 0.08581 0.14099 -0.00748 0.16117 0.12162 -0.00995
"85" -0.02451 -0.01708 -0.00789 -0.00735 0.01932 0.0193 0.01667 0.0054 0.00592 0.05317 0.02203 -0.0053
"86" 0.08076 -0.06836 0.02942 0.13937 -0.06154 -0.01621 0.04743 -0.04374 0.0029 0.08967 -0.05987 0.00995
"87" 0.02158 0.07352 0.04136 0.05588 0.05727 0.05374 0.06023 0.09328 0.03741 0.14331 0.07762 0.01746
"88" 0.08148 -0.04993 -0.00468 0.07061 -0.09601 0.01923 0.00641 -0.07538 0.00028 -0.00053 -0.0583 -0.00216
"89" -0.00183 -0.00118 0.03625 -0.01726 -0.00472 0.06163 -0.02692 -0.00096 0.03965 -0.04234 -0.01318 0.01152
"90" -0.05083 0.04009 -0.00481 0.08047 0.02825 -0.01073 -0.11388 0.06954 -0.01634 -0.18462 0.04019 -0.01294
"91" -0.01573 0.06572 -0.03915 -0.05594 0.02485 -0.03136 -0.02436 0.07508 -0.0605 -0.13259 0.08312 -0.04417
"92" -0.02597 -0.07726 0.0502 -0.08842 -0.10295 0.02629 -0.09602 -0.09298 0.06194 -0.09196 -0.07037 0.0709
"93" 0.21594 -0.0344 0.01412 0.15025 -0.08016 0.05918 0.29924 -0.05362 0.03271 0.31112 -0.03347 0.05099
"94" -0.07127 -0.08755 -0.00233 0.07506 -0.08974 0.004 -0.10623 -0.12859 -0.01466 -0.04523 -0.1459 -0.01852
"95" -0.04498 -0.06401 -0.00412 0.01343 0.01783 -0.00047 -0.09092 -0.08815 0.00954 -0.15608 -0.08547 -0.00587
"96" -0.0946 0.00879 -0.01752 0.05565 0.01079 -0.02372 -0.11642 0.04354 -0.00327 -0.03341 0.09312 -0.01477
"97" 0.14254 0.03065 0.05902 0.25862 0.05398 0.03786 0.20247 0.04324 0.10855 0.1574 0.05116 0.14515
"98" -0.0793 -0.03373 0.00187 -0.05017 -0.07122 -0.00745 -0.04486 -0.08453 -0.02166 -0.1158 -0.09986 -0.00913
"99" -0.17144 -0.06024 0.0538 -0.01279 -0.0825 0.02867 -0.09602 -0.06319 0.04992 -0.07241 -0.03047 0.03523
"100" -0.04059 -0.00135 -0.00862 -0.04254 0.05174 -0.01937 0.01667 -0.02871 -0.02941 -0.02377 -0.02313 -0.03865
