"V1" "V2" "V3" "V4" "V5" "V6" "V7" "V8" "V9" "V10" "V11" "V12"
"1" -0.02141 -0.07948 0.01231 -0.01506 -0.08475 -0.06651 -0.27535 -0.0677 -0.00935 -0.38487 -0.2298 -0.03407
"2" -0.15258 -0.08054 -0.01271 -0.17702 -0.11743 0.0105 -0.12563 -0.12844 0.00984 -0.05931 -0.12177 -0.07611
"3" -0.0506 -0.09004 0.03596 -0.08792 -0.02568 0.08077 -0.05793 -0.06918 0.05543 -0.03863 -0.09032 0.11241
"4" 0.11387 -0.01357 -0.03264 0.03675 -0.01792 -0.00895 0.03316 -0.10482 -0.05712 0.08875 -0.1889 -0.08052
"5" 0.11542 -0.07121 0.00812 0.03907 -0.02334 -0.00194 0.04758 -0.09519 -0.01575 0.29104 -0.12488 -0.01993
"6" -0.09102 -0.00589 -0.00854 -0.07131 -0.05618 -0.01983 -0.1232 -0.07235 -0.06076 0.02323 -0.07406 -0.08396
"7" -0.07322 0.05483 0.00269 0.00512 -0.01508 -0.01729 -0.1964 0.12552 0.03208 -0.0283 0.16911 0.02088
"8" 0.06087 -0.00116 -0.02758 0.10283 -0.0369 -0.04528 0.18435 -0.05981 -0.05052 0.17142 -0.12551 -0.04798
"9" 0.13704 -0.02519 -0.03112 0.1248 0.04519 -0.01518 0.27237 0.00132 -0.04521 0.43812 0.0324 0.00051
"10" 0.00272 -0.07348 -0.02087 0.05415 0.034 -0.06777 0.01277 0.03111 -0.07281 0.04892 0.07279 -0.10842
"11" -0.0366 -0.02371 0.01599 -0.0096 0.00141 -0.01041 0.08852 -0.01052 0.01163 0.09459 0.03841 0.0341
"12" 0.09941 -0.06955 0.02884 0.21785 0.02643 0.01934 0.18354 -0.01031 -0.01559 0.16061 -0.00103 -0.01447
"13" -0.1651 0.0238 0.00158 0.11428 -0.02621 -0.01905 -0.10588 -0.01709 -0.02484 -0.19377 -0.06019 -0.02385
"14" -0.00538 -0.01783 -0.01784 -0.02458 -0.01372 -0.00457 0.03647 0.01188 -0.05087 0.02927 0.01766 -0.09528
"15" 0.04671 0.0103 0.02738 0.08937 -0.02289 0.01213 0.03063 -0.00369 -0.00127 -0.17514 0.07987 -0.02973
"16" 0.1159 0.05522 -0.01994 -0.03511 0.02649 -0.05433 0.02952 0.00732 -0.03712 -0.10129 -0.04786 -0.08099
"17" -0.04656 -0.01336 0.0692 -0.12001 0.05207 0.01027 -0.04486 -0.03152 0.04886 -0.09972 -0.05488 0.0321
"18" -0.31718 0.02177 -0.00675 -0.06467 0.07908 0.03774 -0.25156 0.0383 0.01903 -0.15969 -0.06038 0.02583
"19" -0.07853 0.0185 -0.03037 0.02652 -0.01066 -0.01282 -0.0888 -0.05503 -0.08853 0.05932 -0.09358 -0.14688
"20" -0.05178 0.01048 0.00379 -0.03356 -0.01688 -0.00674 -0.10663 -0.01266 0.03349 -0.06315 0.02183 0.05018
"21" 0.14486 0.00708 0.00896 0.14137 0.01885 -0.03122 0.1898 -0.06106 -0.02313 0.21888 -0.14211 -0.02534
"22" 0.02022 0.03879 -0.00192 -0.0083 0.00285 0.02114 -0.04737 0.04921 -0.02067 -0.31527 0.00307 -0.0532
"23" -0.00417 0.06941 0.0036 -0.06338 0.05359 0.0276 0.06976 0.04987 0.06028 0.27096 0.07811 0.11048
"24" 0.00417 -0.0172 -0.00133 0.09651 -0.01763 -0.00525 0.10453 -0.04886 0.04981 0.05302 0.00939 0.09261
"25" 0.04556 -0.0139 0.03219 -0.05883 -0.01078 -0.02226 -0.2063 0.09175 -0.0356 -0.2202 0.12297 -0.08624
"26" -0.1675 0.04256 0.03522 0.01917 0.03985 0.01173 0.01658 0.10416 0.00161 0.11171 0.20285 0.02738
"27" 0.04004 -0.0141 -0.00487 0.02846 -0.04165 -0.00121 0.14983 -0.03686 -0.03966 0.23116 0.02782 0.00106
"28" -0.05813 0.09013 0.00133 -0.07248 0.05067 -0.06937 -0.17797 0.18048 -0.05322 -0.19432 0.26729 -0.14926
"29" -0.04404 0.05553 0.0091 -0.03 0.00595 0.00012 -0.25538 -0.0209 -0.02306 -0.45999 -0.01865 -0.07077
"30" -0.01411 -0.02543 0.02459 0.01086 0.00303 -0.01038 -0.13019 0.01939 0.00204 -0.31516 0.06259 -0.01732
"31" -0.05042 0.00221 -0.01593 0.09516 -0.02512 -0.00698 0.1001 -0.03226 -0.05379 0.0252 -0.05746 -0.06496
"32" 0.1033 0.04225 -0.01123 0.04441 -0.02445 -0.00223 0.17014 0.05897 -0.03718 0.23709 0.11512 -0.11357
"33" 0.03105 -0.05439 -0.00057 0.09566 -0.02 0.00926 0.21393 -0.12809 0.00908 0.41234 -0.2042 -0.05152
"34" -0.04174 0.00263 0.01276 0.104 0.02322 -0.01755 -0.02744 -0.01815 0.0254 0.04982 -0.03347 0.0921
"35" 0.02005 0.04675 0.07685 0.06056 0.03539 0.02594 0.05145 0.01023 0.01241 -0.02627 -0.02007 0.01034
"36" 0.03768 -0.01135 -0.0267 0.01981 0.00855 -0.03773 0.37794 -0.04559 -0.06707 0.50609 -0.06093 -0.02543
"37" 0.04035 -0.0124 0.01317 0.14189 0.00496 -0.0112 0.23785 0.09423 -0.00801 0.42976 0.24703 0.04347
"38" -0.05775 0.01005 -0.0333 0.02812 0.02682 -0.04368 0.26225 0.04563 -0.07054 0.44208 0.14973 -0.12173
"39" 0.00037 -0.02428 -0.02251 0.16075 -0.01264 -0.02411 0.20425 0.01383 0.04291 0.36413 -0.00957 0.09626
"40" 0.13058 -0.0257 0.01285 0.01598 0.00285 -0.01408 0.09972 -0.0068 0.04226 0.10187 -0.06505 0.09537
"41" -0.13247 0.00025 -0.01073 -0.01632 -0.00209 0.02009 -0.044 -0.01251 0.00699 -0.12595 -0.05141 0.00473
"42" 0.07911 0.00901 0.01318 0.14039 0.00433 0.00603 -0.07694 -0.03787 0.01404 -0.18618 -0.06599 0.02162
"43" -0.04963 0.02844 -0.00105 0.08785 -0.01101 -0.01445 0.00223 -0.00109 0.00844 0.24815 -0.00141 -0.01093
"44" -0.04459 0.10057 0.00739 -0.00511 -0.04067 0.01853 -0.03622 0.06737 -0.01723 -0.01499 0.13447 -0.02678
"45" -0.07379 -0.0088 -0.04132 0.01373 -0.00399 -0.05405 -0.22527 -0.05679 -0.04897 -0.33545 -0.08461 -0.00782
"46" -0.07012 0.00337 -0.05888 -0.06694 -0.04026 -0.00566 -0.03135 -0.03435 -0.09087 -0.01932 -0.04232 -0.13669
"47" 0.07593 0.0548 -0.06951 0.06926 0.03044 -0.01167 0.03183 0.08967 -0.03278 0.30151 0.12163 -0.07122
"48" -0.11258 0.04833 -0.02512 0.01756 -0.02949 -0.00986 -0.19237 -0.04713 0.0384 -0.35731 -0.0284 0.01445
"49" -0.01974 0.03749 0.00498 -0.0428 -0.02433 -0.0374 -0.22157 -0.03104 0.00432 -0.25545 -0.12583 -0.01143
"50" 0.06955 0.01682 -0.00172 0.02525 -0.044 -0.01402 -0.08804 0.05915 -0.01219 -0.09259 0.03839 -0.03299
"51" -0.00231 -0.0412 -0.00639 -0.05697 -0.0219 -0.01164 -0.10937 -0.02292 0.02731 -0.3335 -0.00846 0.09397
"52" -0.10569 0.0141 0.02569 -0.0454 -0.01731 0.01686 -0.06834 0.10503 -0.03093 -0.15152 0.18106 -0.02353
"53" 0.0193 0.02579 -0.02896 0.06605 0.02425 -0.01993 0.01181 0.06547 -0.01583 -0.00687 0.07031 -0.05707
"54" -0.09734 0.00784 -0.0205 -0.06885 0.02575 -0.01149 -0.17831 0.0138 0.04326 -0.19095 -0.00792 0.11757
"55" 0.04214 -0.01463 0.03394 0.01215 0.03979 -0.02674 -0.03818 0.01187 0.02478 -0.00503 0.00289 0.04949
"56" 0.18963 0.07237 0.02279 0.17735 -0.02043 0.02449 0.35392 0.07389 0.11821 0.6712 0.09189 0.24517
"57" -0.09735 -0.03554 -0.00494 -0.03004 -0.05132 -0.01453 -0.42011 -0.01912 0.00265 -0.37987 -0.01104 -0.04927
"58" -0.0436 0.03934 0.02458 -0.07905 -0.00879 -0.00755 -0.09506 0.01792 0.03486 -0.02339 -0.03258 0.08789
"59" 0.08758 -0.04231 -0.03837 0.03614 0.0249 -0.01049 0.18857 0.04099 0.02684 0.18713 0.11989 0.08794
"60" 0.17042 0.06742 0.04651 0.15263 -0.06931 0.0232 0.27684 0.10719 0.01639 0.24663 0.04183 0.02154
"61" 0.00299 -0.04901 0.00021 -0.079 0.02566 0.04181 0.08852 0.00447 0.04726 0.00507 -0.03154 0.0394
"62" -0.08308 0.01229 0.02007 0.28716 -0.00483 -0.0523 -0.17066 -0.08883 -0.06535 -0.18479 -0.1554 -0.08445
"63" -0.01436 0.0058 0.05391 0.02686 -0.00354 0.0193 0.01603 0.02128 0.03122 0.02121 -0.04963 0.08667
"64" 0.09606 -0.05243 -0.0124 0.09801 0.01477 -0.00954 0.20749 0.07014 0.05804 0.34591 0.1358 0.02524
"65" 0.0778 0.0526 0.00272 0.08939 -0.04319 0.00356 0.14707 -0.04182 0.03937 0.36054 -0.0663 0.02769
"66" -0.0011 -0.07559 0.00544 0.03936 -0.03205 -0.00603 0.06407 -0.0474 -0.01857 0.0506 0.01333 0.02434
"67" 0.09282 -0.0386 0.00349 -0.07908 0.06494 0.0317 0.03913 -0.0011 0.05784 -0.08821 -0.06951 0.06151
"68" -0.18214 0.0093 -0.02976 0.11005 -0.0336 -0.03757 -0.19705 -0.04481 -0.07031 -0.01117 -0.05955 -0.16228
"69" -0.06671 -0.09362 0.00366 -0.03615 -0.01275 0.01123 0.03898 -0.02621 0.0237 0.20196 0.04407 0.0555
"70" -0.01381 -0.02436 0.00893 0.08305 0.02862 0.0105 -0.10698 -0.0333 -0.00268 -0.23783 -0.022 0.09248
"71" 0.06733 -0.0807 0.00614 -0.02903 -0.05352 0.05157 0.02375 -0.12591 0.06843 0.00653 -0.17578 0.18977
"72" -0.00258 0.0484 -0.0016 -0.00096 -0.02106 -0.00927 -0.21209 0.02421 0.07925 -0.31205 0.09261 0.13043
"73" -0.00568 -0.0242 0.00566 0.01532 -0.02837 -0.03027 0.03067 0.00771 -0.01221 -0.05105 -0.0103 -0.03751
"74" -0.09091 -0.00681 -0.04066 -0.01532 -0.00634 -0.01707 0.00612 -0.0933 -0.04773 -0.01214 -0.14305 -0.1074
"75" 0.00747 -0.02057 0.02002 -0.06492 0.00507 0.00758 -0.04793 0.08148 0.01936 -0.13852 0.16368 0.01751
"76" -0.14059 0.12051 -0.00202 -0.03839 0.07886 -0.06416 -0.17014 0.1008 -0.07234 -0.087 0.13943 -0.11518
"77" -0.09951 0.00746 0.04508 -0.05946 0.08268 0.01007 -0.09934 0.01321 0.0564 -0.19795 0.05467 0.03714
"78" 0.05497 -0.02437 -0.01314 -0.06814 0.02029 -0.0243 -0.03173 0.04882 0.04371 0.02946 0.07626 0.03941
"79" -0.02524 -0.04248 -0.00188 -0.00735 0.02901 -0.01517 -0.21501 0.04564 0.00479 -0.32237 0.13425 -0.02702
"80" -0.06424 -0.006 0.00123 -0.11958 0.01776 -0.01996 -0.09699 -0.04606 -0.01302 -0.14772 -0.09162 -0.01345
"81" -0.03694 -0.00685 0.02616 -0.13355 0.02366 -0.01519 -0.12915 0.10494 0.03223 -0.1982 0.15488 0.0715
"82" -0.09128 -0.03669 -0.01296 -0.05543 -0.04438 0.07843 0.05392 -0.0411 0.04743 0.01676 -0.04201 0.05971
"83" -0.05675 -0.00353 0.00556 0.08272 -0.01431 -0.01787 0.16346 0.0333 -0.0111 0.25747 -0.09487 -0.06679
"84" 0.0179 -0.03999 -0.0197 0.00064 -0.01402 0.04239 0.09238 0.05435 0.03316 0.11062 0.0541 0.04861
"85" 0.01976 0.01561 -0.0157 0.0651 -0.00184 -0.04727 0.14635 -0.02048 -0.0727 0.24516 -0.11176 -0.10867
"86" -0.05702 0.04601 -0.01654 -0.0426 0.04542 -0.01009 -0.34909 0.11984 -0.00786 -0.44311 0.23983 -0.02734
"87" -0.11808 -0.03017 0.02595 -0.14844 -0.01435 0.01381 -0.3166 0.00946 0.01469 -0.2978 -0.0499 0.04725
"88" 0.00467 -0.01532 0.00046 0.02715 -0.03547 -0.01458 -0.03875 -0.02866 -0.00955 -0.04248 -0.0704 -0.03098
"89" -0.03349 -0.00335 -0.01793 0.06143 0.01254 0.01483 0.19155 -0.07095 -0.02414 0.24793 -0.11934 0.00306
"90" -0.09102 -0.05877 -0.01646 -0.04317 -0.01999 -0.00914 -0.27399 -0.07562 0.03478 -0.51041 -0.17641 -0.03554
"91" -0.04159 -0.02177 0.01953 0.10714 0.02783 0.02924 -0.19397 0.04568 0.02398 -0.05765 0.09741 0.02133
"92" 0.05042 -0.03562 -0.00296 0.0326 -0.04245 -0.01278 0.18826 -0.08765 0.0345 0.45997 -0.19288 0.0488
"93" 0.04868 0.03469 -0.00942 -0.04503 -0.06601 0.01905 0.10453 -0.03093 0.01927 0.10789 -0.04651 0.04112
"94" 0.06967 0.05819 -0.01314 -0.07196 0.03278 0.04012 0.11671 0.10269 0.02504 0.00679 0.14562 0.07763
"95" -0.02035 -0.044 0.04538 -0.04344 0.01334 -0.04583 -0.00862 0.04627 0.04175 -0.00834 0.06114 0.03854
"96" 0.04342 0.02717 0.01917 0.02396 0.01314 -0.03227 0.19034 -0.00121 -0.00295 0.21807 -0.04136 -0.00843
"97" 0.05998 0.04272 0.00479 0.06509 -0.05249 -0.00954 0.04132 -0.0402 0.05324 -0.04758 -0.10212 0.0918
"98" -0.16824 -0.03524 -0.014 -0.08312 -0.04664 -0.03414 -0.26913 -0.097 -0.02314 -0.44898 -0.17648 -0.06605
"99" -0.02094 -0.03751 0.03273 0.13688 -0.01929 0.01342 0.045 -0.0066 0.10076 -0.17916 -0.03162 0.14073
"100" -0.01661 0.00146 0.0107 -0.07086 -0.01494 0.00143 -0.16742 0.03097 0.10563 -0.21713 0.02744 0.16904
