"V1" "V2" "V3" "V4" "V5" "V6" "V7" "V8" "V9" "V10" "V11" "V12" "V13" "V14" "V15" "V16" "V17" "V18" "V19" "V20" "V21" "V22" "V23" "V24" "V25" "V26" "V27" "V28" "V29" "V30" "V31" "V32" "V33" "V34" "V35" "V36" "V37" "V38" "V39" "V40" "V41" "V42" "V43" "V44" "V45" "V46" "V47" "V48" "V49" "V50" "V51" "V52" "V53" "V54" "V55" "V56" "V57" "V58" "V59" "V60" "V61" "V62" "V63" "V64" "V65" "V66" "V67" "V68" "V69" "V70" "V71" "V72"
"1" 0.375 0 0 0.625 0.75 0.625 0.5 0.375 0.5 0.5 0.25 0.25 0.5 0.25 0.25 0.5 0.375 0.375 0.5 0.375 0.25 0.5 0.25 0.25 0 0 0 0 0 0 0 0.05 0.05 0 0 0.05 0 0 0 0 0 0.05 0 0 0 0 0 0 5 8 8 5 5 5 4 6 5 4 6 7 4 7 6 4 5 6 4 5 6 4 7 6
"2" 0.5 0.375 0 0.625 0.75 0.625 0.375 0.5 0.625 0.375 0.5 0.5 0.375 0.5 0.5 0.625 0.5 0.875 0.5 0.5 0.625 0.5 0.5 0.5 0 0 0 0 0 0 0 0 0.05 0 0 0 0 0 0.05 0 0 0 0 0 0 0 0 0 7 7 8 7 6 7 7 6 7 7 6 5 7 6 7 6 6 4 6 6 6 6 6 6
"3" 0.75 0.375 0 0.75 0.625 0.25 0.875 0.75 0.875 0.75 0.75 0.625 0.75 0.75 0.5 0.75 0.75 0.75 0.75 0.75 0.75 0.75 0.625 0.625 0 0 0 0 0 0 0 0 0.05 0 0 0.05 0 0 0.05 0 0 0 0 0 0 0 0 0 5 7 8 4 6 8 5 5 5 5 5 6 5 5 7 5 5 5 5 5 5 5 6 6
"4" 0.5 0.125 0 0.75 0.5 0.625 0.875 0.75 0.75 0.875 0.625 0.625 0.875 0.625 0.625 0.875 0.625 0.75 0.875 0.5 0.75 0.875 0.5 0.75 0 0 0 0 0 0 0 0 0 0 0 0 0 0 0 0 0 0.05 0 0 0 0 0 0 6 8 8 6 7 7 5 4 5 5 6 6 5 6 6 5 6 5 5 6 4 5 6 4
"5" 0.25 0.25 0 0.625 0.75 0.25 0.625 0.625 0.75 0.625 0.625 0.375 0.625 0.625 0.375 0.75 0.625 0.75 0.625 0.625 0.5 0.625 0.625 0.625 0 0 0 0 0.05 0.05 0 0 0 0 0 0 0 0 0 0 0 0.05 0 0 0 0 0 0 7 7 8 6 6 8 6 5 5 6 5 7 6 5 7 6 6 7 6 6 7 6 6 7
"6" 0.25 0.125 0.125 0.5 0.625 0.25 0.625 0.625 0.5 0.5 0.625 0.375 0.5 0.5 0.375 0.75 0.625 0.625 0.75 0.625 0.5 0.75 0.625 0.625 0 0 0 0.05 0 0.1 0.05 0 0.05 0 0 0.05 0 0 0.05 0 0 0 0 0 0 0 0 0 7 8 8 7 3 9 7 4 7 6 4 8 6 6 8 4 6 6 6 6 6 4 6 6
"7" 0.625 0.125 0 0.5 0.375 0.375 0.625 0.875 0.625 0.625 0.875 0.375 0.625 0.875 0.375 0.75 0.875 0.5 0.75 0.75 0.375 0.75 0.875 0.375 0 0 0 0.1 0 0 0 0.05 0.15 0 0 0.05 0 0 0.05 0 0.05 0.1 0 0 0.1 0 0 0.1 6 7 8 8 7 7 4 4 7 4 4 7 4 3 7 3 4 8 3 5 8 3 5 8
"8" 0.5 0.125 0 0.75 0.625 0.75 0.625 0.75 0.375 0.5 0.625 0.375 0.5 0.625 0.375 0.625 0.75 0.5 0.625 0.75 0.5 0.625 0.75 0.375 0 0 0 0 0 0 0 0.05 0.2 0 0 0.1 0 0 0.1 0 0 0.05 0 0 0.05 0 0 0.05 6 8 8 6 6 6 5 7 11 6 5 8 6 5 8 5 4 8 5 5 8 5 5 8
"9" 0.375 0.125 0.125 0.5 0.5 0.5 0.75 0.75 0.75 0.75 0.75 0.5 0.75 0.75 0.5 0.75 0.75 0.75 0.625 0.625 0.75 0.625 0.625 0.75 0 0 0.05 0 0 0.05 0 0 0.05 0 0 0.05 0 0 0 0 0 0 0 0 0 0 0 0 6 8 9 7 7 8 4 4 3 4 4 6 4 4 5 4 4 2 4 4 4 4 4 4
"10" 0.25 0.25 0 0.875 0.5 0.625 0.5 0.625 0.25 0.375 0.5 0.125 0.25 0.5 0.125 0.5 0.625 0.375 0.5 0.5 0.375 0.5 0.5 0.375 0 0 0 0 0.05 0 0.05 0 0.15 0 0 0 0 0 0 0 0 0.2 0 0 0.15 0 0 0.15 8 7 8 5 7 5 7 5 9 6 6 7 7 6 7 6 6 10 6 6 10 6 6 9
"11" 0.375 0.125 0 0.25 0.25 0.125 0.5 0.5 0.625 0.5 0.5 0.625 0.5 0.5 0.625 0.5 0.5 0.75 0.5 0.5 0.5 0.5 0.5 0.5 0 0 0 0 0 0 0 0 0.05 0 0 0 0 0 0 0 0 0 0 0 0 0 0 0 8 7 8 7 7 8 6 6 8 6 6 6 6 6 6 6 6 5 6 6 6 6 6 6
"12" 0.5 0.125 0 0.5 0.5 0.5 0.5 0.5 0.375 0.5 0.5 0.375 0.5 0.5 0.375 0.5 0.625 0.5 0.5 0.375 0.375 0.5 0.5 0.5 0 0 0 0 0.05 0 0 0.05 0.05 0 0 0.05 0 0 0.05 0 0.05 0.05 0 0 0 0 0 0 6 7 8 6 7 6 6 8 7 6 5 7 6 7 7 6 7 6 6 6 6 6 6 5
"13" 0.625 0.375 0 0.75 0.5 0.5 0.875 0.875 0.75 0.75 0.75 0.625 0.75 0.75 0.625 0.875 0.875 0.875 0.75 0.75 0.75 0.75 0.75 0.625 0 0 0 0.05 0.1 0.05 0 0 0 0 0 0 0 0 0 0 0 0 0 0 0 0 0 0 6 6 8 5 8 8 3 5 6 3 5 6 3 5 4 5 5 3 3 5 4 3 5 4
"14" 0.375 0 0 0.5 0.5 0.125 0.5 0.5 0.5 0.5 0.375 0.375 0.5 0.25 0.375 0.5 0.375 0.375 0.375 0.125 0.375 0.375 0.25 0.375 0 0 0 0 0 0 0 0.05 0.1 0 0.05 0.05 0 0.05 0.05 0 0 0.1 0 0 0.1 0 0 0.05 6 8 8 6 5 8 6 8 9 6 9 7 6 9 7 6 8 9 6 8 9 6 8 8
"15" 0.375 0.125 0 0.875 0.875 0.5 0.75 0.75 0.75 0.625 0.75 0.625 0.625 0.75 0.5 0.75 0.875 0.625 0.75 0.75 0.625 0.75 0.75 0.625 0 0.05 0 0 0 0 0 0 0.05 0 0 0.05 0 0 0.05 0 0.05 0.05 0 0 0 0 0 0.05 7 9 8 6 6 7 4 5 7 6 5 8 6 5 8 3 4 9 3 3 7 3 3 9
"16" 0.25 0 0 0.75 0.375 0.5 0.625 0.625 0.375 0.5 0.5 0.25 0.5 0.5 0.25 0.5 0.5 0.5 0.5 0.5 0.5 0.5 0.5 0.5 0 0 0 0 0 0 0.05 0 0.1 0 0 0.05 0 0 0 0.05 0 0.1 0 0 0 0 0 0 7 8 8 4 6 5 8 6 8 6 6 8 6 6 7 7 6 8 6 6 6 6 6 6
"17" 0.375 0.375 0 0.625 0.625 0.375 0.625 0.375 0.5 0.5 0.375 0.5 0.5 0.375 0.375 0.5 0.375 0.5 0.5 0.375 0.375 0.625 0.375 0.375 0 0 0.05 0 0 0 0.05 0.05 0.1 0 0.05 0 0.05 0.05 0 0.05 0.05 0.1 0 0.05 0 0.05 0.05 0 8 8 9 7 5 8 7 9 9 7 9 7 8 9 8 8 9 9 7 9 8 7 9 8
"18" 0.25 0 0 0.375 0.25 0.25 0.5 0.5 0.5 0.375 0.375 0.375 0.375 0.375 0.375 0.5 0.5 0.5 0.5 0.5 0.5 0.5 0.5 0.5 0 0 0 0 0 0 0 0.1 0.1 0 0.05 0 0 0.05 0 0 0 0.1 0 0 0.05 0.05 0 0.05 7 8 8 6 7 7 5 7 7 6 7 5 6 7 5 5 5 8 5 5 7 6 5 7
"19" 0.5 0.375 0 0.75 0.5 0.875 0.625 0.625 0.625 0.625 0.5 0.625 0.625 0.5 0.625 0.625 0.625 0.625 0.625 0.625 0.625 0.625 0.625 0.625 0 0 0 0 0 0 0 0 0.05 0 0 0 0 0 0 0 0 0 0 0 0 0 0 0 6 8 8 2 7 3 6 6 7 6 6 6 6 6 6 6 6 6 6 6 6 6 6 6
"20" 0.75 0.125 0 0.875 0.875 0.625 0.875 0.75 1 0.75 0.625 0.75 0.75 0.625 0.75 0.75 0.75 0.75 0.75 0.75 0.75 0.75 0.75 0.75 0.05 0.05 0 0.05 0 0.1 0 0.05 0 0 0.05 0 0 0.05 0 0 0.05 0 0 0.05 0 0 0.05 0 6 9 8 6 5 7 3 5 2 5 6 3 5 6 3 5 6 5 5 6 5 5 6 5
"21" 0.875 0.375 0 0.375 0.375 0.375 0.875 0.875 0.625 0.875 0.875 0.5 0.875 0.75 0.5 1 0.75 0.875 1 0.75 0.75 1 0.75 0.75 0 0 0 0 0 0 0 0 0.05 0 0 0 0 0 0 0 0 0.05 0 0 0.05 0 0 0.05 3 7 8 6 6 6 3 3 4 3 3 7 3 3 7 0 3 3 0 3 4 0 3 4
"22" 0.375 0.25 0 0.625 0.75 0.5 0.5 0.5 0.5 0.5 0.375 0.5 0.5 0.375 0.5 0.625 0.625 0.625 0.625 0.5 0.625 0.625 0.5 0.625 0 0 0 0 0 0 0 0.05 0.05 0 0.05 0 0 0.05 0 0 0 0.05 0 0 0 0 0 0 7 7 8 5 5 6 6 7 7 6 8 6 6 8 6 4 6 7 4 6 6 4 6 6
"23" 0.375 0.125 0 0.375 0.375 0.375 0.5 0.75 0.25 0.5 0.625 0.375 0.5 0.5 0.25 0.625 0.625 0.5 0.625 0.625 0.5 0.625 0.625 0.5 0 0 0 0 0 0 0 0.1 0.2 0 0.05 0.05 0 0 0 0 0.05 0.05 0 0.05 0 0 0 0 7 8 8 7 7 7 7 6 12 7 7 9 7 7 8 6 7 8 6 7 7 6 6 7
"24" 0.625 0.25 0 0.875 0.375 0.375 0.625 0.75 0.625 0.625 0.625 0.625 0.625 0.625 0.625 0.625 0.625 0.75 0.625 0.625 0.75 0.625 0.625 0.75 0 0 0 0.05 0.1 0.05 0.05 0 0 0.05 0 0 0 0 0 0 0 0 0 0 0 0 0 0 6 7 8 6 8 7 7 6 6 7 6 6 6 6 6 6 6 6 6 6 6 6 6 6
"25" 0.5 0.125 0 0.5 0.625 0.5 0.75 0.75 0.625 0.75 0.625 0.625 0.75 0.75 0.5 0.75 0.75 0.375 0.75 0.625 0.375 0.75 0.75 0.375 0 0 0 0 0.05 0 0 0.05 0 0 0 0 0 0 0 0 0.05 0.1 0 0 0.1 0 0 0.1 7 8 8 6 6 6 5 7 5 5 6 7 5 6 7 5 7 9 5 6 8 5 6 8
"26" 0.375 0 0 0.5 0.375 0.375 0.75 0.5 0.75 0.625 0.5 0.5 0.625 0.5 0.5 0.625 0.5 0.625 0.625 0.375 0.5 0.5 0.25 0.75 0 0 0 0 0.05 0 0 0 0.05 0 0 0.05 0 0 0.05 0 0 0 0 0 0 0 0 0 6 8 8 7 9 8 6 6 8 6 6 8 6 6 8 7 6 7 7 6 7 7 7 7
"27" 0.25 0 0 0.625 0.625 0.375 0.875 0.75 0.875 0.75 0.625 0.625 0.5 0.625 0.5 0.875 0.75 0.875 0.875 0.375 0.875 0.875 0.375 0.625 0 0 0 0 0.05 0 0 0 0.05 0 0 0 0 0 0 0 0.05 0.05 0 0.05 0 0 0.05 0 7 8 8 3 7 8 5 4 5 5 5 5 6 5 6 5 4 6 5 7 5 5 7 6
"28" 0.625 0.375 0 0.75 0.625 0.375 0.75 0.625 0.375 0.75 0.625 0.625 0.75 0.625 0.625 0.625 0.75 0.75 0.625 0.75 0.75 0.625 0.75 0.75 0.05 0.05 0 0 0.05 0 0.05 0 0.05 0.05 0 0 0.05 0 0 0 0 0 0.05 0 0 0.05 0 0 7 8 8 5 6 7 5 6 8 5 6 4 5 6 4 6 4 4 7 4 4 7 4 4
"29" 0.25 0 0 0.375 0.375 0.375 0.625 0.375 0.625 0.625 0.375 0.5 0.5 0.375 0.5 0.75 0.625 0.625 0.75 0.5 0.5 0.75 0.5 0.5 0 0 0 0 0 0 0 0.05 0 0 0 0 0 0 0 0 0 0.05 0 0 0 0 0 0 7 8 8 7 7 7 3 7 4 3 6 6 6 6 6 6 5 7 6 6 6 6 6 6
"30" 0.75 0 0 0.875 0.875 0.75 0.75 0.75 0.75 0.75 0.625 0.625 0.75 0.625 0.625 0.75 0.75 0.5 0.75 0.75 0.5 0.75 0.75 0.5 0 0 0 0 0 0 0 0.05 0.05 0 0 0.05 0 0 0.05 0 0 0.05 0 0 0.05 0 0 0.05 6 8 8 5 5 6 6 8 7 6 6 8 6 6 8 6 4 8 6 6 8 6 6 8
"31" 0.625 0.25 0 0.625 0.625 0.375 0.75 0.75 0.625 0.75 0.625 0.625 0.75 0.625 0.625 0.75 0.75 0.75 0.75 0.625 0.75 0.75 0.75 0.625 0 0 0 0 0 0 0.05 0 0.1 0.05 0 0.05 0.05 0 0.05 0 0 0 0 0 0 0 0 0 6 7 8 6 6 7 7 6 7 7 6 5 7 6 5 6 6 4 6 6 6 6 6 4
"32" 0.375 0.125 0 0.75 0.875 0.875 0.875 0.75 0.625 0.75 0.5 0.625 0.75 0.5 0.625 0.75 0.75 0.75 0.75 0.75 0.625 0.75 0.75 0.5 0 0.05 0 0 0 0 0 0 0.15 0 0 0.05 0 0 0.05 0 0 0 0 0 0 0 0 0 6 9 8 6 3 5 5 6 10 6 6 7 6 6 7 3 6 6 6 6 6 6 6 6
"33" 0.5 0.125 0.125 0.5 0.375 0.5 0.625 0.25 0.375 0.625 0.25 0.375 0.625 0.25 0.375 0.625 0.375 0.375 0.625 0.375 0.375 0.625 0.375 0.375 0 0 0 0 0 0 0 0.05 0.1 0 0.05 0.05 0 0 0 0 0 0.05 0 0 0 0 0 0 7 8 8 6 7 6 6 9 10 6 9 9 6 8 8 6 8 9 6 8 8 6 8 8
"34" 0.375 0.25 0 0.5 0.25 0.125 0.875 0.625 0.75 0.875 0.625 0.625 0.875 0.625 0.625 0.875 0.625 0.75 0.75 0.625 0.625 0.75 0.625 0.625 0 0.05 0 0 0.05 0 0 0.05 0 0 0 0 0 0 0 0 0 0 0 0 0 0 0 0 7 9 8 6 7 7 6 9 7 6 7 7 6 7 7 6 7 6 6 7 6 6 7 6
"35" 0.5 0.125 0 0.625 0.375 0.5 0.625 0.5 0.625 0.625 0.5 0.625 0.625 0.5 0.625 0.75 0.75 0.5 0.75 0.75 0.5 0.75 0.625 0.625 0 0 0 0 0 0 0 0.05 0.1 0 0 0.05 0 0 0.05 0 0 0.05 0 0 0.05 0 0 0.05 6 7 8 5 6 6 6 7 9 6 6 7 6 6 7 5 3 6 5 3 7 5 4 7
"36" 0.625 0.125 0 0.5 0.5 0.375 0.75 0.625 0.75 0.75 0.5 0.625 0.75 0.5 0.375 0.75 0.75 0.5 0.75 0.75 0.5 0.75 0.75 0.5 0 0 0 0 0 0.05 0 0 0.1 0 0 0.05 0 0 0.05 0 0 0.1 0 0 0.15 0 0 0.1 5 8 8 6 6 8 3 6 8 3 5 7 3 5 8 3 3 9 3 5 10 3 5 9
"37" 0.625 0.25 0 0.375 0.375 0.5 0.625 0.625 0.625 0.625 0.625 0.5 0.625 0.625 0.625 0.625 0.625 0.625 0.625 0.5 0.625 0.625 0.5 0.625 0 0 0 0 0 0 0 0 0.1 0 0 0 0 0 0 0 0 0 0 0 0 0 0 0 6 7 8 7 7 7 6 6 7 6 6 7 6 6 6 6 6 7 6 7 7 6 7 7
"38" 0.25 0.25 0 0.75 0.625 0.25 0.5 0.625 0.5 0.5 0.625 0.375 0.5 0.5 0.25 0.625 0.625 0.625 0.625 0.625 0.375 0.625 0.625 0.375 0 0 0 0.1 0.05 0.05 0.05 0 0.15 0 0 0.1 0 0 0.05 0 0 0.15 0 0 0.05 0 0 0.1 7 7 8 5 7 7 7 6 10 6 6 9 6 6 8 6 6 9 6 6 9 6 6 10
"39" 0.375 0.375 0 0.75 0.75 0.375 0.5 0.625 0.375 0.5 0.625 0.375 0.5 0.625 0.625 0.375 0.625 0.75 0.375 0.5 0.5 0.375 0.5 0.5 0 0 0 0 0 0 0 0 0.1 0 0 0.05 0 0 0 0 0 0 0 0 0 0 0 0 7 7 8 5 5 6 7 5 10 7 5 8 7 5 7 7 5 7 7 5 7 7 5 7
"40" 0.5 0.25 0 0.625 0.75 0.625 0.5 0.375 0.5 0.5 0.375 0.375 0.5 0.375 0.375 0.5 0.5 0.5 0.5 0.5 0.5 0.5 0.375 0.5 0 0.05 0 0 0 0 0 0.05 0.05 0 0 0.05 0 0 0.05 0 0 0.05 0 0 0 0 0 0 6 8 8 5 5 5 6 7 9 6 6 7 6 6 7 6 6 7 6 6 6 6 6 6
"41" 0.375 0 0 0.5 0.5 0.25 0.625 0.625 0.5 0.625 0.625 0.375 0.625 0.625 0.375 0.625 0.5 0.625 0.625 0.5 0.625 0.625 0.5 0.625 0 0.05 0 0 0 0.05 0.05 0.05 0.1 0 0.05 0.05 0 0.05 0.05 0 0 0.1 0 0 0.05 0 0 0.05 7 9 8 7 7 8 7 7 8 6 7 8 6 7 8 6 6 8 6 6 7 6 6 7
"42" 0.625 0 0 0.625 0.5 0.5 0.875 0.875 0.875 0.875 0.75 0.75 0.875 0.75 0.75 0.875 0.625 0.875 0.875 0.625 0.875 0.875 0.625 0.875 0 0 0 0 0 0.05 0 0.05 0.05 0 0.05 0.05 0 0.05 0 0 0.05 0.05 0 0 0 0 0 0 5 8 8 6 7 8 3 4 5 3 6 5 3 6 4 3 7 4 3 6 3 3 6 3
"43" 0.75 0.125 0 0.875 0.75 0.625 0.625 0.875 0.75 0.625 0.875 0.625 0.625 0.875 0.5 0.75 0.875 0.625 0.75 0.75 0.625 0.75 0.75 0.5 0 0 0 0 0 0.1 0 0 0 0 0 0 0 0 0 0 0 0.05 0 0 0 0 0 0 5 7 8 1 2 7 6 1 4 6 4 5 6 4 7 5 5 7 5 5 6 5 5 7
"44" 0.375 0.25 0 0.625 0.75 0.5 0.5 0.5 0.625 0.5 0.375 0.5 0.5 0.375 0.5 0.5 0.5 0.625 0.5 0.5 0.625 0.5 0.5 0.625 0 0 0 0 0 0 0 0.05 0.1 0 0 0 0 0 0.05 0 0 0.05 0 0 0 0 0 0 7 7 8 5 5 5 6 7 7 6 6 7 6 6 7 6 6 7 6 6 6 6 6 6
"45" 0.125 0 0.125 0.5 0.625 0.375 0.375 0.5 0.625 0.375 0.375 0.375 0.375 0.375 0.5 0.375 0.625 0.5 0.375 0.375 0.5 0.25 0.375 0.5 0 0 0 0 0 0 0 0.05 0.05 0 0 0.05 0 0 0 0 0 0.1 0 0 0.05 0 0 0 8 8 8 7 7 8 6 7 8 6 6 8 6 6 6 6 6 9 6 6 8 7 6 6
"46" 0.5 0.375 0 0.5 0.5 0.375 0.75 0.5 0.625 0.75 0.5 0.5 0.75 0.5 0.5 0.75 0.625 0.5 0.75 0.625 0.5 0.75 0.625 0.5 0 0 0 0 0.1 0 0 0.1 0.05 0 0.05 0.05 0 0.05 0.05 0 0 0.1 0 0 0.05 0 0 0.05 6 6 8 6 8 7 6 8 7 6 7 7 6 7 7 6 6 10 6 6 7 6 6 7
"47" 0.5 0.125 0 0.625 0.75 0.25 0.875 0.625 0.75 0.875 0.375 0.625 0.875 0.375 0.625 0.875 0.75 0.75 0.875 0.625 0.75 0.75 0.625 0.75 0 0 0 0.05 0 0.1 0.05 0.05 0.05 0.05 0 0.05 0.05 0 0.05 0 0.05 0.1 0 0.05 0.05 0 0.05 0 7 8 8 7 5 10 6 6 7 6 7 8 6 7 8 5 6 8 5 7 7 6 7 6
"48" 0.625 0.25 0 0.625 0.625 0.375 0.625 0.75 0.75 0.625 0.625 0.5 0.625 0.625 0.375 0.875 0.75 0.75 0.875 0.75 0.5 0.75 0.75 0.5 0 0 0 0 0 0.1 0 0 0.05 0 0 0 0 0 0 0 0 0.05 0 0 0.05 0 0 0 4 7 8 6 6 8 4 7 8 4 6 5 4 6 6 1 5 6 1 5 7 3 5 6
"49" 0.25 0.125 0.25 0.625 0.625 0.625 0.75 0.75 0.75 0.625 0.625 0.75 0.625 0.625 0.75 0.75 0.75 0.625 0.75 0.625 0.625 0.75 0.75 0.625 0.05 0 0 0.05 0.1 0.05 0 0 0.05 0 0 0 0 0 0 0 0 0 0 0 0 0 0 0 8 8 7 7 6 7 3 3 7 7 6 6 7 6 6 3 3 6 3 6 6 3 4 6
"50" 0.375 0.125 0 0.5 0.5 0.375 0.625 0.5 0.75 0.625 0.375 0.5 0.625 0.375 0.375 0.75 0.5 1 0.75 0.5 0.875 0.75 0.5 0.875 0 0 0 0 0 0.05 0 0 0.05 0 0 0.05 0 0 0.05 0 0 0.1 0 0 0 0 0 0 7 8 8 7 7 8 8 7 6 8 7 6 8 7 8 5 7 7 5 7 2 5 7 2
"51" 0.5 0 0.125 0.5 0.625 0.375 0.5 0.625 0.625 0.5 0.5 0.625 0.5 0.5 0.5 0.625 0.625 0.5 0.625 0.375 0.5 0.625 0.375 0.5 0 0.05 0 0 0 0 0.05 0.05 0.1 0.05 0 0.05 0.05 0 0 0 0.05 0.1 0 0.05 0 0 0 0 6 9 7 5 4 7 7 7 8 7 6 7 7 6 6 6 6 8 6 7 6 6 6 6
"52" 0.5 0.125 0 0.625 0.5 0.25 0.625 0.5 0.625 0.625 0.5 0.5 0.625 0.5 0.5 0.75 0.625 0.5 0.625 0.625 0.5 0.625 0.625 0.5 0 0 0 0 0.05 0 0.05 0.05 0.05 0.05 0 0 0.05 0 0 0 0 0 0 0 0 0 0 0 7 7 8 7 8 8 7 8 8 7 7 7 7 7 7 4 6 7 5 6 7 5 6 7
"53" 0.5 0.125 0 0.875 0.75 0.625 0.75 0.625 0.875 0.75 0.5 0.875 0.75 0.5 0.875 0.625 0.5 0.875 0.625 0.5 0.75 0.625 0.5 0.625 0 0 0 0 0 0 0 0.1 0.05 0 0 0 0 0 0 0 0 0 0 0 0 0 0 0 6 7 8 5 5 5 7 8 8 7 7 7 7 7 7 6 7 2 6 7 5 6 7 6
"54" 0.375 0 0 0.5 0.625 0.375 0.5 0.5 0.625 0.5 0.5 0.25 0.5 0.5 0.375 0.5 0.5 0.375 0.5 0.5 0.375 0.5 0.5 0.375 0 0.1 0 0.05 0 0 0.05 0.05 0.15 0 0.05 0.05 0 0.05 0.1 0 0.05 0.1 0 0.05 0 0 0 0.05 7 10 8 7 6 8 6 5 8 5 6 9 5 6 9 5 5 9 5 5 7 5 5 8
"55" 0.375 0.125 0 0.625 0.625 0.25 0.5 0.75 0.625 0.5 0.75 0.375 0.5 0.5 0.25 0.5 0.75 0.625 0.5 0.75 0.625 0.5 0.75 0.625 0 0 0 0 0.1 0.05 0 0 0.1 0 0 0.05 0 0 0.05 0 0 0.05 0 0 0.05 0 0 0.05 7 8 8 5 7 8 6 2 7 6 2 7 6 4 8 6 5 8 6 5 7 6 5 7
"56" 0.25 0.25 0 0.875 0.625 0.25 0.625 0.625 0.625 0.625 0.5 0.375 0.625 0.625 0.5 0.625 0.5 0.625 0.625 0.5 0.375 0.625 0.5 0.5 0 0 0 0 0 0.05 0 0 0 0 0 0 0 0 0 0 0 0.05 0 0 0 0 0 0 8 8 8 6 6 9 5 4 7 5 5 8 5 4 8 5 5 6 5 5 8 5 5 6
"57" 0.625 0.25 0 0.5 0.375 0.5 0.625 0.625 0.625 0.625 0.625 0.625 0.625 0.625 0.625 0.625 0.5 0.75 0.625 0.625 0.75 0.625 0.625 0.625 0 0 0 0 0 0 0 0 0.05 0 0 0 0 0 0 0 0 0.05 0 0 0.05 0 0 0.05 4 6 8 7 7 7 6 6 7 6 6 6 6 6 6 3 6 7 3 6 7 3 6 7
"58" 0.375 0 0 0.875 0.75 0.5 0.75 0.75 0.75 0.75 0.625 0.625 0.75 0.375 0.625 0.75 0.875 0.875 0.75 0.75 0.875 0.75 0.75 0.875 0 0 0 0 0 0 0 0.05 0 0 0 0 0 0 0 0 0 0 0 0 0 0 0 0 8 8 8 5 6 7 6 5 6 6 4 7 6 7 7 6 3 5 6 5 5 6 5 5
"59" 0.5 0.25 0 0.75 0.625 0.25 0.5 0.5 0.5 0.5 0.5 0.375 0.5 0.5 0.375 0.5 0.5 0.5 0.5 0.5 0.375 0.5 0.5 0.375 0 0 0 0 0 0 0.05 0.05 0.1 0 0 0.05 0 0 0 0 0 0.15 0 0 0.1 0 0 0.1 6 7 8 6 6 8 7 9 6 6 7 7 6 7 6 6 7 11 6 6 9 6 6 10
"60" 0.375 0.25 0 0.375 0.5 0.625 0.75 0.75 0.5 0.75 0.625 0.375 0.75 0.625 0.375 0.625 0.625 0.5 0.5 0.625 0.5 0.5 0.625 0.5 0 0 0 0 0 0 0 0 0.05 0 0 0 0 0 0 0 0 0.1 0 0 0.1 0 0 0.1 8 7 8 6 6 6 3 6 9 3 5 7 3 5 7 6 6 9 7 6 8 7 6 8
"61" 0.5 0.125 0 0.625 0.625 0.625 0.625 0.625 0.75 0.625 0.625 0.625 0.625 0.625 0.625 0.625 0.625 0.75 0.625 0.625 0.75 0.625 0.625 0.625 0 0 0 0 0 0 0 0.05 0.05 0 0 0.05 0 0 0.05 0 0 0.05 0 0 0.05 0 0 0.05 7 8 8 5 6 5 6 7 6 6 6 7 6 6 7 6 6 4 6 6 6 6 6 8
"62" 0.375 0.125 0 0.625 0.25 0.25 0.5 0.75 0.875 0.5 0.625 0.5 0.5 0.625 0.5 0.5 0.75 0.625 0.375 0.75 0.625 0.375 0.75 0.625 0 0.05 0 0 0 0.05 0 0.1 0 0 0.05 0 0 0.05 0 0 0 0.1 0 0 0.1 0 0 0.05 8 9 8 4 8 9 6 5 2 6 5 5 6 5 6 6 6 8 8 6 8 8 6 9
"63" 0.25 0.25 0 0.75 0.75 0.375 0.375 0.375 0.375 0.375 0.375 0.125 0.375 0.375 0.125 0.375 0.375 0.5 0.375 0.375 0.5 0.375 0.375 0.5 0 0 0 0.05 0 0 0 0 0 0 0 0 0 0 0 0 0 0 0 0 0 0 0 0 8 7 8 7 5 7 7 7 7 7 7 8 7 7 8 7 7 5 7 7 5 7 7 5
"64" 0.375 0.125 0 0.75 0.75 0.375 0.625 0.625 0.375 0.625 0.625 0.25 0.625 0.625 0.25 0.5 0.625 0.25 0.5 0.625 0.125 0.5 0.625 0.25 0 0 0 0 0 0 0 0 0.15 0 0 0 0 0 0 0 0 0.1 0 0 0.05 0 0 0.05 6 7 8 4 6 7 6 6 9 6 6 7 6 6 7 6 6 9 6 6 8 6 6 8
"65" 0.625 0.5 0 0.625 0.75 0.5 0.625 0.625 0.625 0.625 0.625 0.625 0.625 0.625 0.625 0.625 0.625 0.875 0.625 0.625 0.75 0.625 0.625 0.75 0 0 0 0 0 0 0.05 0 0 0 0 0 0 0 0 0 0.05 0 0 0 0 0 0 0 6 6 8 4 2 6 7 6 6 6 6 6 6 6 6 6 7 2 6 6 3 6 6 3
"66" 0.375 0.375 0 0.625 0.625 0.5 0.875 0.75 0.625 0.75 0.75 0.625 0.75 0.75 0.625 0.875 0.875 0.875 0.875 0.875 0.75 0.875 0.75 0.625 0 0 0 0 0 0 0 0 0.15 0 0 0 0 0 0 0 0 0.05 0 0 0 0 0 0 7 7 8 3 4 6 3 4 7 3 4 4 3 4 4 3 3 6 3 3 5 3 4 6
"67" 0.5 0.125 0 0.75 0.75 0.5 0.5 0.375 0.5 0.5 0.375 0.5 0.5 0.375 0.5 0.5 0.375 0.625 0.5 0.375 0.5 0.5 0.375 0.5 0 0 0 0 0 0 0 0.05 0.1 0 0 0.05 0 0 0 0 0 0 0 0 0 0 0 0 6 7 8 4 6 7 6 8 7 6 7 8 6 7 6 6 7 6 6 7 6 6 7 6
"68" 0.5 0.25 0 0.625 0.5 0.375 0.875 0.875 0.5 0.75 0.375 0.5 0.75 0.5 0.5 0.875 0.625 0.625 0.875 0.5 0.625 0.875 0.5 0.625 0 0 0 0 0.05 0.15 0 0.05 0.05 0 0 0 0 0 0 0 0 0.05 0 0 0 0 0 0 6 7 8 6 8 9 5 8 7 6 6 6 6 6 6 5 6 5 5 6 4 5 6 4
"69" 0.5 0.125 0 0.5 0.5 0.375 0.5 0.5 0.5 0.5 0.5 0.375 0.5 0.5 0.375 0.5 0.5 0.5 0.5 0.375 0.5 0.5 0.5 0.5 0 0 0 0 0 0.05 0 0.05 0.05 0 0.05 0 0 0.05 0 0 0 0 0 0 0 0 0 0 6 8 8 7 7 8 6 7 8 6 7 6 6 7 6 6 6 6 6 6 6 6 6 6
"70" 0.5 0 0 0.875 0.75 0.625 0.625 0.625 0.625 0.5 0.5 0.5 0.5 0.5 0.5 0.75 0.75 0.625 0.75 0.625 0.5 0.75 0.625 0.5 0 0 0 0 0 0 0 0.05 0.1 0 0 0 0 0 0 0 0.05 0.1 0 0 0.05 0 0 0.05 6 8 8 5 5 6 6 7 7 6 7 7 6 7 7 6 6 6 6 6 6 6 6 6
"71" 0.625 0.25 0 0.875 0.75 0.5 0.75 0.75 0.625 0.625 0.75 0.5 0.625 0.75 0.375 0.75 0.625 0.75 0.625 0.625 0.625 0.625 0.625 0.75 0 0 0 0 0 0 0 0 0.05 0 0 0 0 0 0 0 0.05 0.05 0 0.05 0 0 0.05 0 6 8 8 3 5 6 5 5 7 6 5 7 6 5 8 5 7 8 6 7 6 6 7 5
"72" 0.875 0 0 0.5 0.5 0.5 0.875 0.875 0.875 0.875 0.875 0.75 0.875 0.875 0.75 0.875 0.875 0.875 0.875 0.875 0.875 0.875 0.875 0.875 0 0 0 0 0 0 0 0.05 0 0 0.05 0 0 0.05 0 0 0 0 0 0 0 0 0 0 5 8 8 6 6 7 5 4 3 5 6 3 5 6 3 5 3 3 5 3 3 5 3 3
"73" 0.625 0.25 0 0.75 0.625 0.625 0.625 0.5 0.875 0.625 0.375 0.5 0.625 0.375 0.5 0.625 0.625 0.75 0.625 0.625 0.625 0.625 0.5 0.625 0 0 0 0.05 0.05 0 0 0.05 0 0 0 0 0 0 0 0 0.05 0 0 0 0 0 0.05 0 6 7 8 6 6 5 6 7 6 6 7 6 6 7 6 4 7 6 4 6 6 4 7 6
"74" 0.375 0.375 0 0.625 0.625 0.5 0.625 0.625 0.625 0.625 0.5 0.25 0.625 0.375 0.375 0.625 0.625 0.625 0.625 0.5 0.5 0.625 0.5 0.5 0 0 0 0 0 0 0 0 0.05 0 0 0.05 0 0 0 0 0 0.1 0 0 0 0 0 0 6 6 8 7 7 8 6 6 7 6 6 7 6 6 6 6 6 8 6 6 6 6 6 6
"75" 0.5 0 0 0.75 0.625 0.75 0.75 0.75 0.375 0.625 0.5 0.375 0.625 0.5 0.375 0.5 0.75 0.625 0.5 0.75 0.625 0.5 0.625 0.5 0 0.05 0 0 0 0 0 0 0.05 0 0 0 0 0 0 0 0 0 0 0 0 0 0 0 5 9 8 3 3 3 8 7 8 7 7 7 7 7 7 7 7 6 7 7 6 7 7 7
"76" 0.375 0 0.125 0.75 0.375 0.75 0.75 0.75 0.625 0.75 0.5 0.5 0.75 0.375 0.375 0.625 0.625 0.375 0.625 0.5 0.25 0.5 0.5 0.25 0 0.05 0.05 0 0.05 0 0 0.05 0 0 0 0 0 0 0 0 0.05 0 0 0 0 0 0 0 7 9 8 6 8 6 5 8 7 5 7 6 5 7 6 5 6 6 5 5 7 6 5 7
"77" 0.25 0 0.125 0.5 0.5 0.25 0.375 0.25 0.625 0.25 0.25 0.25 0.25 0.25 0.5 0.375 0.375 0.5 0.375 0.25 0.5 0.375 0.25 0.375 0 0.05 0.05 0 0 0 0 0.1 0.05 0 0.1 0 0 0.05 0 0 0.1 0 0 0.05 0 0 0 0 7 9 9 6 7 8 7 9 7 7 9 7 7 8 6 7 9 6 7 8 6 7 7 6
"78" 0.625 0.25 0.125 0.625 0.25 0.25 0.625 0.75 0.625 0.625 0.75 0.625 0.625 0.75 0.625 0.625 0.75 0.75 0.625 0.75 0.75 0.625 0.75 0.625 0 0 0 0 0 0.05 0 0 0.1 0 0 0.05 0 0 0 0 0 0 0 0 0 0 0 0 5 7 7 5 8 9 5 5 6 5 5 6 5 5 5 5 5 5 5 5 5 5 5 5
"79" 0.25 0 0 0.625 0.625 0.5 0.625 0.625 0.75 0.625 0.5 0.5 0.625 0.5 0.5 0.625 0.625 0.5 0.625 0.5 0.5 0.625 0.625 0.5 0 0 0 0 0 0 0.05 0 0.1 0 0 0.05 0 0 0.05 0 0 0.15 0 0 0.1 0 0 0.1 8 8 8 6 6 6 8 7 7 6 6 8 6 6 8 6 6 9 6 6 9 6 6 9
"80" 0.5 0 0.25 0.5 0.75 0.375 0.875 0.75 0.5 0.75 0.625 0.5 0.75 0.625 0.5 0.75 0.75 0.875 0.625 0.75 0.75 0.625 0.75 0.75 0 0 0 0 0 0 0.05 0.1 0.05 0.05 0.1 0.05 0.05 0 0.05 0.05 0.1 0.05 0.05 0.05 0.05 0.05 0.05 0.05 6 8 8 7 6 7 4 5 8 6 8 7 6 6 7 6 7 6 6 6 6 6 6 6
"81" 0.625 0 0.125 0.375 0.75 0.375 0.875 0.625 0.625 0.75 0.625 0.5 0.75 0.625 0.5 0.75 0.625 0.75 0.75 0.625 0.75 0.75 0.625 0.75 0 0 0 0 0 0 0 0.15 0.1 0 0 0.05 0 0 0 0 0.05 0 0 0 0 0 0 0 4 8 8 7 5 8 2 6 5 3 3 5 3 3 4 3 4 2 3 3 2 3 3 2
"82" 0.5 0.25 0.25 0.75 0.625 0.375 0.75 0.875 0.625 0.625 0.625 0.5 0.625 0.625 0.625 0.75 0.875 0.75 0.75 0.875 0.625 0.75 0.875 0.625 0 0 0 0 0 0 0 0 0 0 0 0 0 0 0 0 0 0 0 0 0 0 0 0 8 8 7 5 5 6 6 5 7 7 7 7 7 7 7 6 5 6 6 5 7 6 5 7
"83" 0.5 0.125 0 0.75 0.5 0.375 0.625 0.75 0.625 0.5 0.75 0.375 0.5 0.75 0.375 0.625 0.625 0.625 0.625 0.625 0.625 0.375 0.625 0.5 0 0 0 0 0.05 0 0 0 0 0 0 0 0 0 0 0 0 0 0 0 0 0 0 0 7 8 8 5 7 6 6 4 7 7 6 7 7 6 7 6 6 6 6 6 6 7 6 7
"84" 0.875 0.25 0 0.75 0.25 0.375 0.75 0.875 0.75 0.75 0.75 0.625 0.75 0.875 0.625 1 0.75 0.625 1 0.625 0.625 1 0.75 0.75 0 0 0 0 0.15 0.1 0 0 0.05 0 0 0 0 0 0 0 0 0 0 0 0 0 0 0 3 7 8 6 10 8 6 3 7 5 3 7 6 3 5 3 5 5 3 5 5 3 5 5
"85" 0.375 0.25 0 0.5 0.625 0.5 0.625 0.375 0.75 0.625 0.375 0.5 0.625 0.375 0.375 0.625 0.75 0.5 0.5 0.75 0.375 0.5 0.375 0.375 0 0 0 0 0 0 0 0 0.1 0 0 0.05 0 0 0.05 0 0 0.05 0 0 0.05 0 0 0.05 7 7 8 6 5 6 6 7 8 6 7 7 6 7 8 6 6 6 6 6 7 6 7 7
"86" 0.5 0.125 0.125 0.5 0.5 0.5 0.625 0.625 0.625 0.5 0.625 0.625 0.5 0.625 0.5 0.5 0.5 0.625 0.5 0.375 0.5 0.5 0.5 0.625 0 0 0 0 0 0 0 0.05 0.05 0 0 0 0 0 0 0 0.05 0 0 0 0 0 0 0 6 7 7 7 7 7 6 5 5 6 6 6 6 6 6 6 7 5 6 7 6 6 6 6
"87" 0.625 0.25 0 0.625 0.75 0.5 0.75 0.75 0.625 0.625 0.625 0.5 0.625 0.625 0.5 0.75 0.75 0.5 0.75 0.75 0.5 0.75 0.75 0.5 0 0 0 0 0 0 0.05 0 0.05 0 0 0 0 0 0 0.05 0 0.1 0 0 0.05 0.05 0 0.05 5 8 8 6 5 6 6 5 7 5 5 6 5 5 6 6 5 9 5 5 8 6 5 8
"88" 0.75 0.125 0 0.75 0.5 0.25 0.875 0.625 0.5 0.875 0.625 0.375 0.75 0.625 0.375 0.75 0.75 0.625 0.75 0.75 0.5 0.75 0.75 0.5 0 0 0 0 0 0.05 0 0 0.1 0 0 0.05 0 0 0.05 0 0 0.05 0 0 0.05 0 0 0.05 5 8 8 6 6 8 5 5 8 5 5 8 5 5 8 5 5 6 5 5 6 5 5 6
"89" 0.375 0.125 0 0.5 0.5 0.625 0.625 0.875 0.625 0.625 0.5 0.25 0.625 0.5 0.5 0.75 0.875 0.75 0.75 0.875 0.75 0.625 0.875 0.75 0 0 0 0 0 0 0.05 0 0.15 0.05 0 0.05 0.05 0 0.05 0 0 0.1 0 0 0.1 0 0 0.1 6 8 8 5 5 5 6 3 8 6 5 8 6 5 7 3 3 8 3 3 8 3 3 8
"90" 0.25 0.25 0 0.75 0.5 0.625 0.375 0.375 0.5 0.375 0.25 0.375 0.25 0.375 0.375 0.375 0.5 0.625 0.375 0.25 0.625 0.375 0.25 0.625 0 0 0 0 0 0 0 0.05 0.05 0 0 0 0 0 0 0 0.05 0 0 0 0 0 0 0.05 8 8 8 3 6 6 7 8 7 7 8 7 8 7 7 7 7 6 7 8 6 7 8 7
"91" 0.375 0.125 0 0.75 0.75 0.5 0.625 0.625 0.625 0.625 0.625 0.625 0.625 0.625 0.625 0.625 0.625 0.625 0.625 0.625 0.625 0.625 0.625 0.625 0 0 0 0 0 0.05 0 0.1 0.05 0 0.05 0 0 0.05 0 0 0.05 0 0 0.05 0 0 0 0 7 8 8 5 5 7 6 9 7 6 7 6 6 7 6 6 7 6 6 7 6 6 6 6
"92" 0.375 0.125 0 0.5 0.375 0.125 0.75 0.625 0.5 0.625 0.625 0.375 0.625 0.625 0.375 0.625 0.75 0.5 0.5 0.625 0.5 0.5 0.75 0.5 0 0 0 0 0 0.05 0 0 0.1 0 0 0.1 0 0 0.05 0 0 0.1 0 0 0.05 0 0 0.05 6 7 8 7 5 9 3 3 7 3 4 10 3 4 9 3 3 9 4 6 8 4 5 8
"93" 0.5 0.125 0 0.625 0.625 0.5 0.5 0.625 0.625 0.5 0.5 0.5 0.5 0.5 0.5 0.625 0.625 0.625 0.625 0.5 0.5 0.625 0.5 0.5 0 0 0 0.05 0 0.05 0 0 0.05 0 0 0.05 0 0 0.05 0 0.05 0.1 0.05 0.05 0.05 0 0.05 0.05 6 8 8 7 6 7 6 5 6 6 6 7 6 6 7 5 7 7 6 7 7 5 7 7
"94" 0.375 0.125 0 0.75 0.625 0.75 0.75 0.75 0.75 0.625 0.625 0.375 0.625 0.625 0.25 0.75 0.75 0.75 0.75 0.75 0.625 0.75 0.625 0.5 0 0.05 0 0 0 0 0 0 0.05 0 0 0 0 0 0 0 0 0 0 0 0 0 0 0 6 9 8 5 6 5 5 5 6 5 5 5 5 5 8 2 5 2 2 5 5 2 5 6
"95" 0.625 0.125 0 0.75 0.75 0.75 0.875 0.875 0.75 0.875 0.75 0.625 0.75 0.75 0.5 1 1 0.875 1 1 0.75 1 0.875 0.75 0 0.05 0 0 0 0.05 0 0 0.05 0 0 0.05 0 0 0.05 0 0 0.05 0 0 0.05 0 0 0.05 6 8 8 3 6 4 5 3 5 5 3 5 5 3 5 0 3 5 0 3 5 0 3 5
"96" 0.75 0.25 0 0.625 0.5 0.5 0.75 0.625 0.75 0.75 0.625 0.625 0.75 0.625 0.625 0.75 0.75 0.75 0.75 0.75 0.75 0.75 0.75 0.75 0 0 0 0 0.05 0 0.05 0 0.05 0 0 0 0 0 0 0 0 0.05 0 0 0 0 0 0 5 7 8 6 8 7 6 7 6 5 5 6 5 5 6 5 7 8 5 7 5 5 7 5
"97" 0.125 0.125 0 0.625 0.5 0.625 0.5 0.375 0.375 0.375 0.25 0.25 0.25 0.25 0.25 0.375 0.25 0.375 0.375 0.25 0.25 0.375 0.25 0.25 0 0.05 0 0 0.05 0 0.05 0.1 0.15 0 0.1 0.1 0 0.1 0.1 0 0.05 0.1 0 0.05 0.1 0 0.05 0.1 8 9 8 5 6 3 7 8 10 7 9 10 8 9 10 7 8 9 7 8 10 7 8 10
"98" 0.75 0.125 0 0.375 0.375 0.25 0.75 0.75 0.75 0.75 0.75 0.75 0.75 0.75 0.75 0.75 0.875 0.75 0.75 0.75 0.625 0.75 0.75 0.625 0 0 0 0 0 0 0 0.05 0 0 0 0 0 0 0 0 0.05 0 0 0 0 0 0 0 5 8 8 8 7 7 6 7 6 6 5 6 6 5 6 6 5 5 6 6 6 6 6 6
"99" 0.625 0.375 0 0.375 0.375 0.5 0.875 0.75 0.625 0.75 0.5 0.625 0.75 0.5 0.5 0.875 0.75 0.5 0.875 0.75 0.5 0.75 0.75 0.375 0.05 0 0 0 0 0 0 0 0.05 0 0 0.05 0 0 0.05 0 0 0.05 0 0 0.05 0 0 0 8 8 8 7 7 7 2 6 6 7 7 6 3 7 6 5 6 8 5 6 8 6 6 8
"100" 0.375 0 0 0.625 0.375 0.375 0.75 0.75 0.75 0.625 0.625 0.5 0.625 0.5 0.5 0.75 0.875 0.875 0.75 0.375 0.625 0.5 0.375 0.5 0 0 0 0 0 0 0 0 0 0 0 0 0 0 0 0 0 0 0 0 0 0 0 0 7 8 8 4 7 7 5 3 3 6 7 6 6 7 6 5 5 3 5 7 5 6 7 6
