"V1" "V2" "V3" "V4" "V5" "V6" "V7" "V8" "V9" "V10" "V11" "V12" "V13" "V14" "V15" "V16" "V17" "V18" "V19" "V20" "V21" "V22" "V23" "V24" "V25" "V26" "V27" "V28" "V29" "V30" "V31" "V32" "V33" "V34" "V35" "V36" "V37" "V38" "V39" "V40" "V41" "V42" "V43" "V44" "V45" "V46" "V47" "V48" "V49" "V50" "V51" "V52" "V53" "V54" "V55" "V56" "V57" "V58" "V59" "V60" "V61" "V62" "V63" "V64" "V65" "V66" "V67" "V68" "V69" "V70" "V71" "V72"
"1" 0.875 0.75 0.375 1 1 1 0.875 1 1 0.875 1 0.75 0.875 1 0.75 0.875 1 1 0.875 1 0.875 0.875 1 0.875 0 0 0 0 0 0 0 0 0 0 0 0 0 0 0 0 0 0 0 0 0 0 0 0 3 4 7 1 1 5 3 3 5 3 3 6 3 3 6 3 2 5 3 3 5 3 3 5
"2" 0.875 0.625 0.75 1 1 0.875 1 0.875 1 1 0.875 0.875 1 0.75 0.875 1 1 1 1 1 1 1 1 1 0 0 0 0 0 0 0.05 0.05 0 0 0 0 0 0 0 0 0.05 0 0 0 0 0 0 0 3 6 2 0 0 4 4 3 0 0 2 4 0 2 4 0 2 0 0 0 0 0 0 0
"3" 0.875 0.625 0 0.875 0.875 0.875 0.875 0.875 0.875 0.875 0.875 0.875 0.875 0.875 0.875 0.875 0.875 1 0.875 0.875 0.875 0.875 0.875 0.875 0 0 0 0 0 0.05 0 0 0.1 0 0 0.05 0 0 0 0 0.05 0 0 0 0 0 0 0 2 6 8 2 2 3 2 2 3 2 2 2 2 2 2 2 3 2 2 2 2 2 2 2
"4" 0.625 0.5 0.5 1 1 0.875 0.75 0.75 0.75 0.625 0.75 0.75 0.625 0.75 0.75 0.875 0.75 0.75 0.75 0.75 0.75 0.875 0.75 0.75 0 0 0 0.05 0 0.15 0 0.05 0.1 0 0 0 0 0 0 0 0 0 0 0 0 0 0 0 6 7 6 2 5 8 2 3 4 6 2 2 6 2 2 1 2 2 2 2 2 2 2 2
"5" 0.875 0.75 0.125 0.875 0.75 0.75 1 0.875 1 1 0.875 1 1 0.875 1 0.875 0.875 1 0.875 0.875 1 0.875 0.875 1 0 0 0 0 0 0.05 0 0 0.05 0 0 0 0 0 0 0 0 0 0 0 0 0 0 0 3 4 7 1 5 6 3 3 4 3 3 5 3 3 5 3 3 3 3 3 3 3 3 3
"6" 0.75 0.5 0 0.875 0.875 0.875 0.875 0.875 0.625 0.875 0.875 0.5 0.875 0.875 0.5 0.875 0.875 0.625 0.875 0.875 0.5 0.875 0.875 0.625 0 0 0 0.05 0.05 0.15 0 0 0.2 0 0 0.05 0 0 0 0 0 0.15 0 0 0 0 0 0 4 5 8 3 3 8 4 4 10 4 4 8 4 4 7 4 4 7 4 4 5 4 4 4
"7" 0.75 0.375 0.25 0.875 1 0.875 0.75 0.875 0.75 0.75 0.75 0.75 0.75 0.75 0.75 0.75 0.875 0.75 0.75 0.75 0.75 0.75 0.875 0.75 0 0.05 0 0.05 0 0.15 0 0.05 0 0 0.05 0 0 0 0 0 0.05 0 0 0.05 0 0 0 0 6 8 7 3 1 8 4 7 4 4 7 4 4 4 4 4 6 4 4 6 4 4 4 4
"8" 0.75 0.625 0.375 0.875 1 0.875 0.875 0.875 0.75 0.875 0.875 0.75 0.875 0.875 0.75 0.875 0.875 0.875 0.875 0.875 0.875 0.875 0.875 0.875 0 0 0 0 0 0.05 0 0 0.05 0 0 0 0 0 0 0 0 0 0 0 0 0 0 0 2 5 6 1 1 6 2 2 3 2 2 2 2 2 2 2 2 2 2 2 2 2 2 2
"9" 0.625 0.75 0 0.875 0.75 0.75 1 1 0.875 1 1 0.75 1 1 0.75 1 1 1 1 1 1 1 1 1 0 0 0 0 0.15 0.1 0 0 0.1 0 0 0 0 0 0 0 0 0.05 0 0 0 0 0 0 4 4 8 4 7 8 3 3 5 3 3 3 3 3 3 3 3 4 3 3 3 3 3 3
"10" 0.875 0.625 0 0.75 0.75 0.625 1 1 1 1 1 0.875 1 1 0.875 1 1 1 1 1 1 1 1 1 0 0 0 0 0 0 0 0 0.05 0 0 0 0 0 0 0 0 0 0 0 0 0 0 0 1 6 8 6 6 7 1 0 7 1 0 2 1 0 2 0 0 0 0 0 0 0 0 0
"11" 0.75 0.875 0 1 0.875 0.75 1 1 1 1 1 1 1 1 1 1 1 1 1 1 1 1 1 1 0 0 0 0 0 0 0 0 0 0 0 0 0 0 0 0 0 0 0 0 0 0 0 0 4 4 8 3 3 5 0 0 1 0 1 1 0 1 1 0 0 0 0 0 1 0 0 1
"12" 1 0.625 0.625 1 1 1 1 0.875 1 1 0.875 0.875 1 0.875 0.875 1 1 1 1 1 1 1 1 1 0 0 0 0 0.05 0 0 0.05 0.05 0 0.05 0.05 0 0.05 0.05 0 0.05 0 0 0.05 0 0 0.05 0 0 6 6 0 4 1 0 3 1 0 3 3 0 3 3 0 1 0 0 1 0 0 1 0
"13" 1 0.75 0.125 1 1 0.875 1 1 1 1 1 1 1 1 1 1 1 1 1 1 1 1 1 1 0 0 0 0 0.05 0.05 0 0 0.05 0 0 0 0 0 0 0 0 0 0 0 0 0 0 0 0 6 8 0 3 6 0 0 2 0 0 0 0 0 0 0 0 0 0 0 0 0 0 0
"14" 1 0.625 0.125 1 0.875 0.875 1 1 1 1 1 1 1 1 1 1 1 1 1 1 1 1 1 1 0 0 0 0 0 0 0 0 0.1 0 0 0.05 0 0 0.05 0 0 0.05 0 0 0.05 0 0 0.05 0 6 8 2 3 3 0 0 3 0 0 3 0 0 3 0 0 1 0 0 1 0 0 1
"15" 0.75 0.75 0.375 1 0.75 0.875 0.75 0.75 0.75 0.75 0.75 0.75 0.75 0.75 0.75 0.75 0.75 0.75 0.75 0.75 0.75 0.75 0.75 0.75 0.05 0 0 0 0.05 0.05 0 0 0.15 0 0 0 0 0 0 0 0 0 0 0 0 0 0 0 3 2 6 0 3 2 2 2 5 2 2 2 2 2 2 2 2 2 2 2 2 2 2 2
"16" 0.875 0.75 0 1 1 1 1 0.875 1 1 0.875 0.875 1 0.875 0.875 1 1 1 1 1 1 1 1 1 0 0 0 0 0.05 0.05 0 0 0 0 0 0 0 0 0 0 0 0.05 0 0 0 0 0 0 5 6 8 0 2 1 3 6 3 3 6 4 5 6 4 0 0 1 0 0 3 0 0 3
"17" 0.75 0.375 0 0.75 0.75 0.875 1 1 1 0.875 0.875 0.875 0.875 0.875 1 1 1 1 1 1 0.875 1 1 0.875 0.05 0 0 0 0.05 0 0.05 0 0.1 0 0 0 0 0 0 0 0 0.1 0 0 0.05 0 0 0 6 8 8 5 6 5 2 0 3 1 1 1 1 1 0 1 0 2 1 0 2 1 0 1
"18" 0.875 0.875 0.25 0.75 0.75 0.75 1 0.875 1 1 0.875 1 1 0.875 1 1 1 1 1 1 1 1 1 1 0 0 0 0 0 0.1 0 0 0.05 0 0 0.05 0 0 0.05 0 0 0 0 0 0 0 0 0 3 3 7 6 6 6 0 3 1 0 3 1 0 3 1 0 0 0 0 0 0 0 0 0
"19" 0.75 0.75 0.625 1 1 1 0.75 0.875 0.75 0.75 0.875 0.75 0.75 0.875 0.75 0.75 0.875 0.875 0.75 0.875 0.875 0.75 0.875 0.875 0 0 0 0.05 0.05 0.05 0.05 0 0.05 0 0 0.05 0 0 0.05 0 0 0 0 0 0 0 0 0 5 5 5 1 6 6 6 5 6 5 5 6 5 5 6 5 5 5 5 5 5 5 5 5
"20" 0.875 0.375 0 0.875 0.875 0.875 0.875 0.875 0.75 0.75 0.75 0.75 0.75 0.75 0.75 1 0.875 1 1 0.875 0.875 1 0.875 0.875 0 0 0 0.05 0.1 0.05 0.05 0.05 0.05 0.05 0 0 0.05 0 0 0 0.05 0 0 0 0 0 0 0 4 5 8 2 4 7 4 5 5 5 4 4 5 4 4 3 5 3 3 4 4 3 4 4
"21" 0.625 0.5 0 0.875 0.875 0.875 0.875 0.75 0.75 0.875 0.75 0.625 0.875 0.75 0.625 0.875 0.75 0.875 0.875 0.75 0.875 0.875 0.75 0.875 0 0 0 0.1 0.1 0 0 0 0.1 0 0 0.05 0 0 0.05 0 0.05 0 0 0 0 0 0 0 6 6 8 4 7 2 3 4 7 3 4 5 3 4 5 3 5 5 3 4 5 3 4 5
"22" 0.875 0.625 0.625 1 0.875 1 0.75 0.75 0.75 0.75 0.75 0.75 0.75 0.75 0.75 0.75 0.75 0.75 0.75 0.75 0.75 0.75 0.75 0.75 0 0 0 0 0.05 0.05 0 0 0 0 0 0 0 0 0 0 0 0.05 0 0 0 0 0 0 1 6 6 1 6 6 2 6 6 2 6 6 2 6 6 2 6 5 2 6 6 2 6 6
"23" 1 0.875 0.125 0.875 0.875 0.875 1 1 1 1 1 1 1 1 1 1 1 0.875 1 1 1 1 1 0.875 0 0 0.05 0 0 0.1 0 0 0.05 0 0 0 0 0 0 0 0 0.15 0 0 0.05 0 0 0.05 0 3 8 3 3 5 0 0 2 0 0 1 0 0 0 0 0 9 0 0 3 0 0 6
"24" 0.75 0.75 0 1 1 1 1 1 0.875 1 1 0.875 1 1 0.875 1 1 0.875 1 1 0.875 1 1 0.75 0 0 0.1 0 0 0 0 0 0.05 0 0 0 0 0 0 0 0 0 0 0 0 0 0 0 6 6 10 0 0 1 5 5 4 5 5 3 5 5 3 5 2 2 5 5 3 5 5 6
"25" 0.75 0.75 0.25 1 0.875 1 1 1 0.875 1 0.875 0.75 1 0.875 0.875 1 1 0.875 1 1 0.75 1 1 0.75 0 0 0 0 0 0.05 0 0 0 0 0 0.05 0 0 0 0 0 0 0 0 0 0 0 0 5 2 7 3 3 6 0 0 3 0 3 6 0 3 3 0 0 1 0 0 5 0 0 5
"26" 0.625 0.625 0.375 0.875 0.875 0.875 1 1 0.875 1 1 0.75 1 1 0.75 1 1 1 1 1 1 1 1 1 0 0 0 0 0 0 0 0 0.05 0 0 0 0 0 0 0 0 0.15 0 0 0.05 0 0 0.05 3 3 6 5 5 5 0 0 2 0 0 2 0 0 2 0 0 3 0 0 2 0 0 2
"27" 0.875 0.5 0.375 1 0.875 0.875 1 1 1 1 1 1 1 1 1 1 1 1 1 1 1 1 1 1 0 0 0 0.05 0.1 0.15 0.05 0 0.05 0.05 0 0.05 0.05 0 0.05 0 0 0.05 0 0 0.05 0 0 0.05 5 5 7 6 7 9 2 5 3 2 5 3 2 5 3 5 5 3 5 5 3 5 5 3
"28" 0.875 0.625 0.75 0.875 0.875 1 0.875 0.875 0.875 0.875 0.875 0.875 0.875 0.875 0.875 0.875 0.875 0.875 0.875 0.875 0.875 0.875 0.875 0.875 0 0 0 0 0.05 0 0 0 0 0 0 0 0 0 0 0 0 0 0 0 0 0 0 0 3 6 6 5 6 5 3 3 3 3 5 3 3 5 3 3 3 3 3 3 3 3 3 3
"29" 1 0.875 0.375 1 1 1 1 1 1 1 1 0.875 1 1 0.875 1 1 1 1 1 1 1 1 1 0 0 0 0.05 0.1 0.1 0 0 0.05 0 0 0 0 0 0 0 0 0 0 0 0 0 0 0 0 1 7 2 3 7 0 0 1 0 0 1 0 0 1 0 0 0 0 0 0 0 0 0
"30" 1 0.375 0 0.75 0.625 0.5 1 1 1 1 1 0.875 1 1 0.875 1 1 1 1 1 1 1 1 1 0 0.05 0 0 0.05 0.05 0.05 0.05 0 0.05 0.05 0 0.05 0 0 0 0.05 0 0 0 0 0 0 0 0 7 8 4 7 7 1 4 2 1 2 2 1 1 2 0 2 3 0 1 2 0 1 2
"31" 0.625 0.625 0.125 0.875 0.875 0.875 0.75 0.875 0.625 0.75 0.75 0.625 0.75 0.75 0.625 0.75 0.75 0.625 0.75 0.75 0.625 0.75 0.75 0.625 0 0 0 0.1 0.05 0.15 0 0.05 0.05 0 0 0 0 0 0.05 0 0 0.05 0 0 0 0 0 0 4 4 7 5 3 6 3 4 6 3 3 4 3 3 5 4 4 6 4 3 4 4 3 4
"32" 0.75 0.5 0.25 0.875 0.875 0.875 0.875 1 0.875 0.875 1 0.75 0.875 1 0.875 0.875 0.875 0.875 0.875 0.875 0.875 0.875 0.875 0.875 0 0 0 0 0 0.15 0 0 0.05 0 0 0 0 0 0 0 0 0.1 0 0 0 0 0 0 5 6 6 3 3 7 1 2 2 5 1 5 5 1 5 5 5 7 5 5 5 5 5 5
"33" 0.75 0.625 0.25 1 0.875 1 0.75 0.75 1 0.75 0.75 0.75 0.75 0.75 0.875 0.875 0.875 0.875 0.875 0.875 0.875 0.875 0.875 0.875 0 0 0 0 0 0 0.05 0 0.05 0.05 0 0 0.05 0 0 0 0 0 0 0 0 0 0 0 5 6 7 7 2 5 6 3 2 6 3 3 6 3 5 2 2 2 2 2 5 2 2 5
"34" 0.875 0.75 0.625 1 0.875 1 1 0.875 1 1 0.875 0.875 1 0.875 0.875 1 1 1 1 1 1 1 1 1 0 0 0 0.05 0.15 0.05 0 0.05 0 0 0.05 0 0 0.05 0 0 0 0 0 0 0 0 0 0 5 4 7 1 6 2 0 7 3 0 6 3 0 6 3 0 0 3 0 0 3 0 0 3
"35" 0.75 0.5 0.25 0.875 0.75 0.75 0.875 0.875 0.75 0.875 0.875 0.625 0.875 0.875 0.625 0.75 0.75 0.75 0.75 0.75 0.75 0.75 0.75 0.625 0 0 0 0.05 0 0.15 0 0.05 0.1 0 0 0 0 0 0 0 0 0.05 0 0 0 0 0 0 6 6 7 6 6 9 4 5 8 4 4 6 4 4 6 3 4 7 3 4 6 3 4 6
"36" 0.875 0.5 0.5 0.875 0.875 0.75 1 1 0.875 0.875 0.875 0.75 0.875 0.875 0.75 1 1 0.875 1 1 0.75 1 1 0.75 0 0 0 0 0.1 0.1 0.05 0.05 0 0.05 0 0 0.05 0 0 0 0 0 0 0 0 0 0 0 1 7 6 1 7 7 2 2 1 6 1 2 6 1 2 1 1 2 1 1 3 1 1 3
"37" 1 0.875 0.25 1 1 0.75 1 1 1 1 1 1 1 1 1 1 1 1 1 1 1 1 1 1 0 0 0 0 0 0.2 0 0 0.05 0 0 0 0 0 0 0 0 0 0 0 0 0 0 0 0 3 6 0 0 7 0 0 2 0 0 3 0 0 3 0 0 1 0 0 1 0 0 1
"38" 0.75 0.625 0 0.75 0.625 0.75 0.875 0.875 0.75 0.875 0.875 0.75 0.875 0.875 0.75 0.875 0.875 0.75 0.875 0.875 0.75 0.875 0.875 0.75 0 0.05 0 0.05 0.05 0 0 0 0.15 0 0 0 0 0 0 0 0 0.1 0 0 0.05 0 0 0 3 5 8 5 5 5 2 2 7 2 2 3 2 2 3 2 2 5 2 2 4 2 2 3
"39" 1 0.875 0 0.875 0.875 0.875 1 1 0.875 1 1 0.875 1 1 0.875 1 1 1 1 1 1 1 1 1 0 0 0 0 0 0 0 0 0 0 0 0 0 0 0 0.05 0 0 0.05 0 0 0 0 0 0 2 8 3 5 3 0 0 1 0 0 2 0 0 2 1 0 1 1 0 1 0 0 1
"40" 0.75 0.625 0.25 0.875 0.875 0.75 0.875 0.875 0.75 0.875 0.875 0.625 0.875 0.875 0.625 0.75 0.875 0.75 0.75 0.875 0.625 0.75 0.875 0.625 0 0 0 0 0.05 0.1 0 0 0 0 0 0 0 0 0 0 0.05 0 0 0.05 0 0 0 0 5 6 8 5 6 7 5 3 3 5 5 6 5 3 6 5 6 6 5 6 6 5 5 6
"41" 0.875 0.25 0 0.875 0.75 0.875 0.875 1 0.75 0.875 0.875 0.75 0.875 0.875 0.75 0.875 1 0.875 0.875 0.875 0.75 0.875 1 0.75 0 0 0.1 0 0.15 0.25 0 0.05 0.1 0 0.05 0 0 0 0 0 0 0 0 0 0 0 0 0 2 7 10 1 5 9 1 2 4 1 5 3 1 4 3 2 0 1 2 1 2 2 0 2
"42" 1 0.625 0 0.75 0.75 0.875 1 0.75 1 1 0.75 1 1 0.75 1 1 1 1 1 1 1 1 1 1 0 0 0 0 0 0 0 0 0.15 0 0 0.05 0 0 0.05 0 0 0 0 0 0 0 0 0 3 4 8 4 4 5 0 3 4 0 3 2 0 3 2 0 3 2 0 3 1 0 3 1
"43" 0.875 0.75 0.125 0.875 1 0.75 0.875 0.875 0.875 0.875 0.875 0.875 0.875 0.875 0.875 0.875 0.875 1 0.875 0.875 0.875 0.875 0.875 0.875 0 0 0 0 0 0 0.05 0 0.1 0.05 0 0 0 0 0 0 0 0.05 0 0 0 0 0 0 3 4 7 4 5 5 4 3 6 4 3 4 3 3 4 3 3 4 3 3 3 3 3 3
"44" 0.75 0.625 0 0.5 0.625 0.5 1 1 0.875 1 0.875 0.875 1 0.875 0.875 1 1 0.75 1 1 0.75 1 1 0.75 0 0 0 0.05 0.1 0.1 0 0 0.05 0 0 0 0 0 0 0 0 0.05 0 0 0 0 0 0 3 7 8 8 8 9 1 0 2 1 1 2 1 1 2 0 0 3 0 0 2 0 0 2
"45" 0.875 0.75 0.125 1 0.75 0.625 0.875 0.875 0.875 0.875 0.875 0.75 0.875 0.875 0.75 0.875 0.875 0.875 0.875 0.875 0.875 0.875 0.875 0.875 0 0 0 0 0 0.1 0 0 0.05 0 0 0 0 0 0 0 0 0.05 0 0 0 0 0 0 1 4 7 3 6 8 1 1 4 1 1 6 1 1 6 1 1 4 1 1 3 1 1 3
"46" 0.875 0.625 0.5 1 1 1 1 1 1 0.875 1 0.875 0.875 1 0.875 1 1 1 1 0.875 1 1 0.875 1 0 0 0 0.1 0.1 0.1 0 0 0 0 0 0 0 0 0 0 0 0 0 0 0 0 0 0 2 7 5 5 7 7 0 0 0 1 0 1 1 0 1 0 0 0 0 1 0 0 1 0
"47" 0.75 0.625 0.5 1 0.875 0.75 0.875 0.875 0.875 0.875 0.875 0.75 0.875 0.75 0.75 1 0.75 0.875 0.875 0.75 0.875 0.875 0.75 0.875 0 0 0 0.05 0 0.05 0 0.05 0 0 0 0 0 0 0 0 0 0 0 0 0 0 0 0 2 3 6 1 2 7 2 3 2 2 2 2 2 2 2 2 2 2 2 2 2 2 2 2
"48" 1 0.875 0.375 0.875 0.75 1 1 1 1 1 1 1 1 1 1 1 1 1 1 1 1 1 1 1 0 0 0 0 0.1 0.1 0 0 0.05 0 0 0 0 0 0 0 0 0.05 0 0 0 0 0 0 0 2 7 3 6 7 0 0 1 0 0 0 0 0 0 0 0 2 0 0 0 0 0 0
"49" 1 0.375 0.5 0.75 0.875 0.875 1 1 1 1 1 0.875 1 1 0.875 1 1 1 1 1 1 1 1 1 0 0 0 0.05 0 0 0 0 0 0 0 0 0 0 0 0 0.05 0.05 0 0.05 0 0 0 0 0 7 6 6 5 5 0 0 0 0 1 1 0 1 1 0 1 1 0 1 0 0 0 0
"50" 0.875 0.75 0.375 1 0.875 0.625 0.875 1 1 0.875 0.875 0.875 0.875 0.875 0.875 0.875 0.875 1 0.875 0.875 1 0.875 0.875 0.875 0 0 0 0 0 0.05 0 0 0.05 0 0 0 0 0 0 0 0 0.1 0 0 0 0 0 0 3 5 6 5 5 7 3 0 4 3 3 3 3 3 3 3 3 5 3 3 3 3 3 3
"51" 1 0.5 0.625 0.875 0.875 0.625 1 1 0.875 1 1 0.875 1 1 0.875 1 1 1 1 1 1 1 1 1 0 0 0 0.05 0.05 0 0 0 0 0 0 0 0 0 0 0 0 0 0 0 0 0 0 0 1 6 6 4 6 6 0 1 1 0 1 3 0 1 3 0 0 0 0 1 0 0 0 0
"52" 0.875 0.875 0.375 1 1 0.875 1 1 1 1 1 1 1 1 1 1 1 1 1 1 1 1 1 1 0 0 0 0 0 0.1 0 0 0.05 0 0 0.05 0 0 0.05 0 0 0.05 0 0 0 0 0 0 3 3 6 0 1 7 0 3 2 0 3 1 0 3 4 0 0 1 0 0 0 0 0 0
"53" 0.875 0.75 0.75 1 0.875 1 0.875 0.875 0.875 0.875 0.875 0.875 0.875 0.875 0.875 0.875 1 0.875 0.875 1 0.875 0.875 1 0.875 0 0 0 0 0.15 0.15 0 0 0 0 0 0 0 0 0 0 0 0 0 0 0 0 0 0 5 5 5 0 9 8 3 4 5 3 3 5 3 3 5 3 0 3 3 0 5 3 0 3
"54" 0.875 0.625 0 0.625 0.625 0.625 0.75 0.875 0.875 0.75 0.875 0.875 0.75 0.875 0.875 0.875 0.875 0.875 0.875 0.875 0.875 0.875 0.875 0.875 0 0 0 0 0.05 0.05 0.1 0 0.1 0.05 0 0 0.05 0 0 0.05 0.05 0 0.05 0.05 0 0.05 0.05 0 1 5 8 6 7 7 6 1 3 5 1 1 5 1 1 2 2 1 2 2 1 2 2 1
"55" 0.875 0.5 0.25 1 0.75 0.5 1 0.875 0.875 1 0.875 0.875 1 0.875 0.875 1 0.875 0.875 1 0.875 0.875 1 0.875 0.875 0 0 0 0 0 0.2 0 0 0.1 0 0 0 0 0 0 0 0 0.05 0 0 0.05 0 0 0.05 2 6 7 3 5 10 2 2 4 2 2 2 2 2 2 1 2 3 1 2 3 1 2 3
"56" 0.875 0.375 0 0.75 0.75 0.625 1 1 0.875 1 1 0.75 1 1 0.75 1 1 0.875 1 1 0.875 1 1 0.875 0 0 0 0.05 0 0 0 0 0.1 0 0 0.05 0 0 0 0 0 0.05 0 0 0 0 0 0 4 7 8 4 3 4 0 1 7 3 1 5 3 1 4 0 3 5 3 3 4 3 3 4
"57" 0.75 0.625 0.125 1 0.875 0.875 1 0.875 0.875 0.875 0.75 0.75 0.75 0.75 0.625 0.75 0.875 0.875 0.75 0.75 0.75 0.75 0.75 0.75 0 0 0 0.1 0.1 0.05 0 0 0.05 0 0 0.05 0 0 0.05 0 0 0 0 0 0 0 0 0 4 4 7 4 7 4 3 3 6 3 4 6 4 4 6 4 3 1 4 4 3 4 4 3
"58" 0.875 0.625 0.5 1 1 1 1 0.875 1 1 0.75 1 1 0.75 1 0.875 1 1 0.875 0.75 1 0.875 0.875 1 0 0 0 0 0 0.05 0 0.05 0 0 0 0 0 0 0 0 0 0 0 0 0 0 0 0 1 6 7 1 1 6 0 5 0 0 4 0 0 4 0 1 0 0 1 4 0 1 3 0
"59" 1 0.75 0.375 1 1 0.875 1 0.875 0.875 1 0.875 0.875 1 0.875 0.875 1 0.875 0.875 1 0.875 0.875 1 0.875 0.875 0 0 0 0 0.05 0.05 0 0.05 0.05 0 0.05 0 0 0.05 0 0 0 0 0 0 0 0 0 0 2 5 7 1 2 4 1 4 4 2 4 3 2 4 3 1 2 2 2 2 2 1 2 2
"60" 0.875 0.625 0 0.875 0.875 0.75 0.875 1 1 0.875 0.875 0.875 0.875 0.875 0.875 0.875 0.875 0.875 0.875 0.875 0.875 0.875 0.875 0.875 0 0 0 0.05 0 0 0 0 0.05 0 0 0.05 0 0 0.05 0 0 0.05 0 0 0 0 0 0 2 6 8 3 1 3 2 2 5 2 2 6 2 2 6 2 2 3 2 2 2 2 2 2
"61" 0.875 0.625 0 0.75 0.625 0.625 0.875 0.875 0.875 0.875 0.875 0.875 0.875 0.875 0.875 0.875 0.875 0.875 0.875 0.875 0.875 0.875 0.875 0.875 0 0 0 0 0.1 0.1 0 0 0 0 0 0 0 0 0 0 0 0 0 0 0 0 0 0 5 5 8 5 8 8 3 3 5 3 5 5 3 5 5 3 3 3 3 3 3 3 3 3
"62" 1 0.625 0.375 1 0.875 1 1 1 1 1 1 1 1 1 1 1 1 1 1 1 1 1 1 1 0 0.05 0 0 0 0 0 0 0.05 0 0 0 0 0 0 0 0 0 0 0 0 0 0 0 5 4 7 1 6 5 0 0 2 1 0 1 0 0 1 0 0 1 0 0 1 0 0 1
"63" 0.75 0.5 0.125 0.875 0.875 0.75 0.875 1 1 0.875 0.875 0.75 0.875 0.875 0.625 0.875 1 0.875 0.875 0.875 0.875 0.875 0.875 0.875 0 0 0 0.05 0 0.15 0.05 0.05 0.1 0 0 0 0 0 0.05 0 0.05 0.05 0 0 0 0 0 0 6 6 8 6 3 8 4 4 2 5 4 4 5 4 7 3 4 4 3 3 3 3 3 3
"64" 0.875 0.125 0 0.875 0.875 0.875 0.875 0.875 1 0.875 0.875 0.875 0.875 0.875 0.875 0.875 0.875 0.875 0.875 0.875 0.875 0.875 0.875 0.875 0 0.05 0 0 0.05 0.05 0 0 0.1 0 0 0.05 0 0 0.05 0 0 0.05 0 0 0 0 0 0 3 9 8 3 5 7 3 3 2 3 3 4 3 3 4 3 3 4 3 3 3 3 3 3
"65" 0.875 0.875 0.25 0.875 0.875 0.75 0.875 0.875 0.875 0.875 0.875 0.875 0.875 0.875 0.875 0.875 0.875 0.875 0.875 0.875 0.875 0.875 0.875 0.875 0 0 0 0 0.05 0 0 0.05 0 0 0.05 0 0 0.05 0 0 0.05 0 0 0.05 0 0 0.05 0 1 2 7 5 4 6 1 3 1 1 3 1 1 3 1 1 2 1 1 2 1 1 2 1
"66" 0.625 0.375 0.375 0.875 0.875 1 0.875 0.875 0.875 0.75 0.875 0.625 0.75 0.875 0.75 1 0.875 1 0.875 0.875 0.75 0.875 0.875 0.75 0 0 0.05 0 0.15 0 0 0.05 0.1 0 0 0.05 0 0 0.05 0 0.05 0 0 0.05 0 0 0 0 7 7 8 1 4 1 6 7 5 7 6 6 7 6 5 5 7 3 6 7 6 6 6 4
"67" 1 0.875 0 1 0.875 0.875 1 1 1 1 1 0.875 1 1 0.875 1 1 1 1 1 1 1 1 0.875 0 0 0 0 0 0 0 0 0.1 0 0 0 0 0 0 0 0 0.15 0 0 0 0 0 0 1 5 8 5 5 5 1 2 2 1 1 2 1 1 1 1 1 4 2 1 1 2 1 1
"68" 0.75 0.5 0.625 1 1 0.875 0.875 1 0.75 0.875 0.875 0.75 0.875 0.875 0.75 0.875 1 0.875 0.875 0.875 0.875 0.875 0.875 0.875 0 0 0 0 0 0.05 0 0 0 0 0 0 0 0 0 0 0 0 0 0 0 0 0 0 2 6 6 1 1 4 1 1 5 1 1 5 1 1 5 1 1 1 1 1 1 1 1 1
"69" 0.875 0.75 0 1 0.75 0.875 1 0.875 1 1 0.875 0.75 1 0.875 0.75 1 0.875 1 1 0.875 0.875 1 0.875 0.875 0 0.05 0 0 0 0.05 0.05 0 0.15 0.05 0 0.05 0.05 0 0 0 0.05 0.1 0 0 0 0 0 0 5 6 8 1 4 6 2 1 7 2 1 6 2 1 5 1 2 4 1 1 5 1 1 5
"70" 0.75 0.375 0.5 1 1 0.75 0.875 0.875 0.75 0.875 0.875 0.75 0.875 0.875 0.75 0.875 0.875 0.875 0.875 0.875 0.875 0.875 0.875 0.75 0 0 0 0.05 0 0.05 0 0.05 0.05 0 0 0.05 0 0 0 0 0 0 0 0 0 0 0 0 3 7 6 4 3 6 3 4 4 3 3 4 3 3 3 3 3 3 3 3 3 3 3 3
"71" 0.875 0.5 0.5 1 0.875 1 0.875 0.875 0.875 0.875 0.875 0.875 0.875 0.875 0.875 0.875 0.875 0.875 0.875 0.875 0.875 0.875 0.875 0.875 0 0 0.05 0 0 0 0.05 0 0 0 0 0 0 0 0 0 0 0 0 0 0 0 0 0 5 6 7 3 5 5 4 5 5 3 5 3 3 5 3 3 7 5 3 5 5 3 5 5
"72" 0.75 0.625 0 1 0.875 0.875 0.75 0.875 0.875 0.75 0.75 0.875 0.75 0.75 0.875 0.875 0.875 0.875 0.875 0.875 0.875 0.875 0.75 0.875 0 0 0 0 0.1 0.15 0 0 0 0 0 0 0 0 0 0 0 0 0 0 0 0 0 0 2 3 8 0 7 8 2 2 1 2 2 2 2 2 2 2 2 1 2 2 1 2 2 1
"73" 0.75 0.5 0.5 0.75 0.75 0.625 0.75 0.875 0.75 0.75 0.875 0.75 0.75 0.875 0.75 0.875 0.75 0.75 0.75 0.75 0.75 0.875 0.75 0.75 0 0 0 0 0 0.05 0 0 0.1 0 0 0 0 0 0 0 0 0 0 0 0 0 0 0 3 6 6 3 3 6 3 1 5 3 1 3 3 1 3 1 3 3 3 5 3 1 5 3
"74" 0.875 0.5 0.125 1 1 1 1 1 1 1 1 1 1 1 1 1 1 1 1 1 1 1 1 1 0.05 0 0 0 0.05 0 0 0.05 0.05 0 0.05 0.05 0 0.05 0 0 0 0 0 0 0 0 0 0 4 6 8 3 4 5 0 1 4 3 1 4 3 4 3 3 3 3 3 3 3 3 3 3
"75" 1 1 0.375 1 1 0.875 1 1 1 1 1 1 1 1 1 1 1 1 1 1 1 1 1 1 0 0 0 0 0 0.15 0 0 0.05 0 0 0 0 0 0 0 0 0.05 0 0 0 0 0 0 0 0 7 3 5 8 0 0 1 0 0 0 0 0 0 0 0 1 0 0 0 0 0 0
"76" 0.75 0.75 0.375 0.875 0.75 0.875 1 1 0.875 1 1 0.875 1 1 0.875 1 1 0.875 1 1 0.875 1 0.875 0.875 0.05 0 0 0.05 0.05 0.05 0 0 0.05 0 0 0 0 0 0 0 0 0 0 0 0 0 0 0 6 5 6 2 3 5 0 1 5 0 1 2 0 1 5 0 1 1 1 1 1 1 1 1
"77" 0.875 1 0.125 1 1 1 1 1 1 1 1 1 1 1 1 1 1 1 1 1 1 1 1 1 0 0 0 0 0.15 0.15 0 0 0.05 0 0 0.05 0 0 0 0 0 0 0 0 0 0 0 0 2 2 7 0 5 7 1 1 1 1 1 1 1 1 0 1 1 0 1 1 1 1 1 1
"78" 0.875 0.5 0.625 1 1 1 1 0.875 1 1 0.75 0.75 1 0.875 0.75 1 1 1 1 1 0.875 1 1 0.875 0 0 0 0 0.05 0.1 0 0 0.05 0 0 0 0 0 0 0 0 0 0 0 0 0 0 0 1 6 6 1 2 3 0 4 1 0 4 3 0 4 3 0 3 0 0 3 1 0 3 1
"79" 0.875 0.5 0.125 1 0.75 1 1 0.875 0.875 0.875 0.875 0.875 0.875 0.875 0.875 0.875 0.875 0.875 0.875 0.875 0.875 0.875 0.875 0.875 0 0 0 0 0.05 0 0 0.05 0.05 0 0 0 0 0 0 0 0.05 0 0 0.05 0 0 0.05 0 5 5 7 0 7 1 5 4 9 5 5 5 5 5 5 5 6 5 5 6 5 5 6 5
"80" 0.75 0.625 0.375 0.75 0.875 0.75 0.75 0.875 0.875 0.75 0.75 0.875 0.75 0.75 0.75 0.75 0.75 0.75 0.75 0.75 0.75 0.75 0.75 0.75 0 0 0 0 0 0.1 0 0 0.1 0 0 0.05 0 0 0.05 0 0 0.05 0 0 0 0 0 0 5 5 7 3 3 7 5 1 5 5 2 4 5 2 6 5 5 6 5 5 5 5 5 5
"81" 0.75 0.75 0.25 0.875 0.875 0.75 0.75 0.875 0.75 0.75 0.875 0.75 0.75 0.875 0.75 0.875 0.875 0.75 0.875 0.875 0.75 0.875 0.875 0.75 0 0 0 0 0 0 0 0.1 0 0 0.05 0 0 0.05 0 0 0 0 0 0 0 0 0 0 4 6 7 2 5 6 4 5 4 4 4 4 4 4 4 1 3 4 1 3 4 1 3 4
"82" 0.875 0.75 0 1 1 0.875 1 1 0.875 1 1 0.875 1 0.875 0.875 1 0.875 0.875 1 0.875 0.875 1 0.875 0.875 0 0 0 0 0 0.1 0 0 0 0 0 0 0 0 0 0 0 0 0 0 0 0 0 0 5 5 8 1 1 7 5 5 5 5 5 5 5 5 5 5 5 5 5 5 5 5 5 5
"83" 0.875 0.375 0.25 0.875 1 0.625 1 1 1 0.875 0.875 0.875 0.875 0.875 0.875 0.875 1 1 0.875 0.875 0.875 0.875 0.875 0.875 0 0 0 0 0 0.05 0 0 0.1 0 0 0.05 0 0 0.05 0 0 0 0 0 0 0 0.05 0 2 7 7 3 0 7 0 1 5 1 2 3 1 2 3 1 1 0 1 2 1 1 3 1
"84" 0.75 0.5 0.375 0.875 0.875 0.875 0.875 1 1 0.875 0.875 0.75 0.875 0.875 0.75 1 1 0.75 1 1 0.75 1 1 0.75 0 0 0 0 0.15 0.05 0 0.05 0 0 0 0 0 0 0 0 0 0 0 0 0 0 0 0 4 7 7 1 5 5 3 4 0 3 3 4 3 3 3 0 0 4 0 0 4 0 0 4
"85" 0.75 0.5 0.375 1 1 1 0.875 0.875 0.75 0.875 0.75 0.875 0.875 0.75 0.875 0.75 0.75 0.875 0.75 0.75 0.875 0.75 0.75 0.875 0 0 0 0 0 0.05 0.05 0.05 0.1 0 0 0 0 0 0 0 0 0.05 0 0 0 0 0 0 6 7 8 1 1 6 7 7 9 6 6 6 6 6 6 6 6 7 6 6 6 6 6 6
"86" 0.625 0.375 0 0.875 0.875 0.75 0.625 0.75 0.75 0.625 0.75 0.75 0.625 0.75 0.75 0.625 0.75 0.75 0.625 0.75 0.75 0.625 0.75 0.75 0 0 0 0.05 0.05 0.05 0 0 0.15 0 0 0.05 0 0 0 0 0 0.1 0 0 0.05 0 0 0 5 6 8 6 6 6 5 5 8 5 5 6 5 5 5 5 5 8 5 5 7 5 5 5
"87" 0.875 0.625 0.125 0.875 1 1 1 0.875 0.875 0.875 0.75 0.875 0.875 0.75 0.875 1 1 1 1 1 0.75 1 1 0.875 0 0 0.05 0 0.05 0.1 0 0 0.05 0 0 0.05 0 0 0.05 0 0 0.05 0 0 0.05 0 0 0.05 1 6 8 3 4 3 1 1 4 1 2 5 1 2 3 1 1 2 1 1 3 1 1 2
"88" 0.875 0.875 0.125 0.875 0.75 0.875 0.875 0.875 0.875 0.875 0.875 0.75 0.875 0.875 0.75 0.875 1 0.875 0.875 0.875 0.875 0.875 0.875 0.875 0 0 0 0 0.2 0.1 0 0 0.05 0 0 0 0 0 0 0.05 0 0.1 0.05 0 0.05 0.05 0 0 2 2 7 1 8 4 1 1 3 1 1 3 1 1 3 2 1 4 2 2 4 2 2 3
"89" 0.5 0.625 0.375 1 0.75 0.875 0.875 0.875 0.875 0.875 0.875 0.875 0.875 0.875 0.875 0.875 0.875 0.875 0.875 0.875 0.875 0.875 0.875 0.875 0 0 0 0.05 0.1 0.1 0 0 0 0 0 0 0 0 0 0 0 0 0 0 0 0 0 0 7 4 7 6 9 8 3 3 3 3 3 3 3 3 3 3 3 3 3 3 3 3 3 3
"90" 0.625 0.5 0.5 0.875 0.75 0.75 0.875 0.875 0.75 0.75 0.875 0.75 0.875 0.875 0.75 0.75 0.75 0.875 0.625 0.75 0.75 0.75 0.75 0.75 0 0.05 0 0 0 0.15 0.05 0.05 0 0 0.05 0 0 0.05 0 0 0.05 0 0 0 0 0 0 0 6 7 6 3 4 9 7 6 6 6 6 6 6 6 6 6 6 5 6 6 5 6 6 6
"91" 0.875 0.75 0.75 0.625 0.75 0.875 1 1 0.875 1 1 0.75 1 1 0.875 1 1 1 1 1 1 1 1 1 0 0 0 0 0 0 0 0 0 0 0 0 0 0 0 0 0 0 0 0 0 0 0 0 3 4 5 4 6 5 0 1 6 0 2 3 0 2 2 0 1 1 0 2 2 0 1 2
"92" 0.875 0.625 0 0.625 0.5 0.625 0.875 1 1 0.875 1 0.875 0.875 1 0.75 1 1 0.875 1 0.875 0.875 1 0.875 0.875 0 0.05 0 0 0.05 0 0.05 0 0 0 0 0 0 0 0.05 0 0 0.05 0 0 0 0 0 0 3 6 8 6 7 6 4 2 0 5 1 3 5 1 4 3 3 4 3 3 3 3 3 3
"93" 0.75 0.5 0.125 1 0.875 0.75 1 0.875 0.875 1 0.625 0.75 1 0.625 0.75 1 0.875 0.875 1 0.75 0.75 1 0.75 0.875 0 0 0 0 0 0.05 0 0 0.05 0 0 0 0 0 0 0 0 0.05 0 0 0 0 0 0 2 6 7 1 6 6 2 3 3 2 5 2 2 5 5 1 1 2 1 2 2 1 2 1
"94" 1 0.875 0.625 1 1 0.875 1 1 1 1 1 1 1 1 1 1 1 1 1 1 1 1 1 1 0 0 0 0.05 0 0 0 0.05 0 0 0 0 0 0 0 0 0 0 0 0 0 0 0 0 1 5 4 2 1 6 0 1 1 0 1 1 0 1 1 0 0 1 0 0 1 0 0 1
"95" 0.875 1 0.25 1 0.75 0.75 1 1 1 1 1 1 1 1 1 1 1 1 1 1 1 1 1 1 0 0 0 0 0.15 0.2 0 0.05 0.15 0 0.05 0 0 0.05 0 0 0 0 0 0 0 0 0 0 1 0 8 1 8 8 0 2 4 0 2 0 0 2 0 0 0 0 0 0 0 0 0 0
"96" 0.625 0.625 0.25 0.75 0.875 0.75 0.75 0.875 0.625 0.75 0.75 0.625 0.75 0.75 0.625 0.875 0.875 0.75 0.875 0.875 0.75 0.875 0.875 0.75 0 0 0 0 0.1 0 0 0 0.1 0 0 0 0 0 0 0 0 0.05 0 0 0 0 0 0 6 6 8 3 8 7 2 1 7 2 2 6 2 2 6 1 1 3 1 1 2 1 1 2
"97" 0.875 0.75 0.375 0.75 0.625 0.75 0.875 0.875 0.875 0.875 0.875 0.875 0.875 0.875 0.875 0.875 0.875 0.875 0.875 0.875 0.875 0.875 0.875 0.875 0 0 0 0 0 0 0 0 0.1 0 0 0.05 0 0 0.05 0 0 0.05 0 0 0 0 0 0 1 4 7 5 6 5 1 1 3 1 1 2 1 1 2 1 1 2 1 1 1 1 1 1
"98" 1 0.875 0.125 1 0.875 0.75 1 1 1 1 0.875 0.875 1 0.875 0.875 1 1 1 1 1 1 1 1 1 0 0 0 0 0 0 0 0.05 0.05 0 0.05 0 0 0.05 0 0 0.05 0.05 0 0.05 0 0 0.05 0 0 3 8 5 6 5 0 1 3 0 2 2 0 2 1 0 1 2 0 1 0 0 1 0
"99" 0.75 0.375 0.625 1 0.875 0.875 0.75 0.75 0.75 0.75 0.75 0.75 0.75 0.75 0.75 0.75 0.75 0.75 0.75 0.75 0.75 0.75 0.75 0.75 0 0 0 0 0 0 0 0.05 0 0 0 0 0 0 0 0 0 0 0 0 0 0 0 0 4 7 6 1 5 1 4 5 4 4 5 4 4 4 4 4 5 4 4 4 4 4 4 4
"100" 0.625 0.75 0 1 1 0.875 0.875 0.75 0.75 0.75 0.75 0.5 0.75 0.75 0.5 0.875 0.75 0.75 0.75 0.75 0.75 0.75 0.75 0.75 0 0 0 0.05 0.05 0 0 0 0.05 0 0 0.05 0 0 0.05 0 0 0.05 0 0 0 0 0 0 6 4 8 2 2 2 3 4 5 4 4 7 4 4 8 3 4 6 4 4 5 4 4 5
