"V1" "V2" "V3" "V4" "V5" "V6" "V7" "V8" "V9" "V10" "V11" "V12" "V13" "V14" "V15" "V16" "V17" "V18" "V19" "V20" "V21" "V22" "V23" "V24" "V25" "V26" "V27" "V28" "V29" "V30" "V31" "V32" "V33" "V34" "V35" "V36" "V37" "V38" "V39" "V40" "V41" "V42" "V43" "V44" "V45" "V46" "V47" "V48" "V49" "V50" "V51" "V52" "V53" "V54" "V55" "V56" "V57" "V58" "V59" "V60" "V61" "V62" "V63" "V64" "V65" "V66" "V67" "V68" "V69" "V70" "V71" "V72"
"1" 0.75 0.5 0.75 0.625 0.625 0.5 0.875 0.875 0.875 0.875 0.875 0.875 0.875 0.875 0.875 1 0.875 0.875 1 0.875 0.875 1 0.75 0.875 0 0 0 0 0 0 0 0 0 0 0 0 0 0 0 0.05 0 0 0.05 0 0 0.05 0 0 4 7 6 4 6 6 3 3 3 3 3 3 3 4 3 3 2 3 3 2 3 3 3 3
"2" 0.75 0.625 0.75 0.625 0.5 0.5 0.625 0.625 0.75 0.625 0.625 0.75 0.625 0.625 0.75 0.625 0.75 0.75 0.625 0.625 0.75 0.625 0.625 0.625 0 0 0 0 0 0.05 0.05 0 0 0.05 0 0 0.05 0 0 0.05 0 0 0.05 0 0 0.05 0 0 5 5 5 6 7 7 6 5 4 6 5 4 6 5 2 6 5 5 6 5 2 6 5 5
"3" 0.625 0.5 0.375 0.625 0.625 0.5 0.75 0.75 0.75 0.75 0.75 0.75 0.625 0.625 0.75 0.625 0.625 0.75 0.625 0.625 0.625 0.625 0.625 0.625 0 0 0 0 0 0 0.05 0.05 0.05 0.05 0.05 0 0.05 0.05 0 0 0 0 0 0 0 0 0 0 6 6 7 7 7 7 5 5 5 5 5 6 7 7 6 6 6 4 6 6 6 6 6 6
"4" 0.75 0.625 0.375 0.75 0.625 0.375 0.875 0.875 0.875 0.875 0.875 0.875 0.875 0.875 0.875 0.875 0.875 0.875 0.875 0.875 0.75 0.75 0.875 0.875 0 0 0 0 0.05 0.05 0 0 0 0 0 0 0 0 0 0 0 0 0 0 0 0 0 0 5 5 8 6 5 8 2 4 2 2 4 5 2 4 5 2 2 4 2 2 7 5 2 2
"5" 0.5 0.5 0.625 0.875 0.875 0.875 0.75 0.75 0.75 0.75 0.75 0.625 0.75 0.625 0.625 0.75 0.625 0.625 0.75 0.625 0.625 0.75 0.625 0.5 0 0 0 0 0 0 0 0 0 0 0 0 0 0 0 0 0 0 0 0 0 0 0 0 6 6 5 1 1 1 5 5 5 5 5 5 5 6 5 5 6 5 5 6 5 5 6 5
"6" 0.5 0.5 0.25 0.5 0.375 0.5 0.625 0.5 0.625 0.625 0.5 0.5 0.625 0.5 0.625 0.5 0.5 0.375 0.5 0.5 0.375 0.5 0.5 0.375 0 0 0 0 0 0 0 0 0 0 0 0 0 0 0 0 0 0.05 0 0 0.05 0 0 0 7 7 8 5 6 5 7 7 4 7 7 7 7 7 7 7 7 9 7 7 9 7 7 7
"7" 0.5 0.5 0.25 0.5 0.5 0.25 0.75 0.75 0.625 0.75 0.75 0.75 0.75 0.75 0.75 0.75 0.875 0.75 0.75 0.875 0.75 0.75 0.875 0.75 0 0.05 0 0 0 0 0 0 0.05 0 0 0.05 0 0 0 0 0 0 0 0 0 0 0 0 7 8 8 7 7 8 3 3 7 3 3 4 3 3 3 3 2 6 3 2 6 3 2 6
"8" 0.75 0.375 0.125 0.625 0.625 0.625 0.75 0.625 0.625 0.75 0.625 0.625 0.75 0.625 0.5 0.75 0.75 0.625 0.75 0.5 0.5 0.75 0.5 0.5 0 0.05 0 0 0 0 0 0 0 0 0 0 0 0 0 0 0.05 0.1 0 0 0.1 0 0.05 0 4 8 8 5 5 5 4 4 5 4 4 7 4 5 8 2 7 8 2 5 8 4 6 6
"9" 0.25 0.25 0.25 0.625 0.625 0.75 0.375 0.375 0.5 0.375 0.375 0.375 0.375 0.375 0.375 0.5 0.5 0.5 0.5 0.5 0.5 0.5 0.5 0.5 0 0 0 0 0 0.05 0 0 0.1 0 0 0.05 0 0 0 0 0 0 0 0 0 0 0 0 8 8 8 6 6 7 7 7 9 7 7 8 7 7 7 7 7 7 7 7 7 7 7 7
"10" 0.375 0.375 0.375 0.5 0.5 0.375 0.375 0.375 0.5 0.375 0.375 0.5 0.375 0.375 0.5 0.5 0.375 0.5 0.5 0.375 0.5 0.5 0.375 0.5 0 0 0.05 0 0 0 0.1 0.05 0.05 0.1 0.05 0.05 0.1 0.05 0.05 0 0 0 0 0 0 0 0 0 7 7 8 7 6 5 9 8 8 9 8 8 9 8 8 7 7 7 7 7 7 7 7 7
"11" 0.75 0.5 0.375 0.875 0.875 0.875 0.75 0.75 0.75 0.75 0.75 0.75 0.75 0.75 0.75 0.75 0.625 0.625 0.75 0.625 0.625 0.75 0.625 0.625 0 0.05 0 0 0 0 0 0 0.05 0 0 0 0 0 0 0 0 0 0 0 0 0 0 0 4 8 7 5 5 5 2 2 4 2 2 3 2 2 2 4 5 7 4 5 7 2 5 7
"12" 0.5 0.5 0 0.75 0.625 0.5 0.625 0.625 0.75 0.625 0.625 0.625 0.625 0.625 0.625 0.75 0.75 0.75 0.625 0.75 0.75 0.75 0.75 0.625 0 0 0.05 0 0 0 0 0 0.05 0 0 0 0 0 0.05 0 0 0 0 0 0 0 0 0 7 7 9 2 5 4 5 5 8 5 5 6 5 5 7 5 5 5 5 5 5 5 5 6
"13" 0.625 0.375 0.5 0.375 0.375 0.375 0.625 0.625 0.625 0.625 0.5 0.625 0.625 0.5 0.625 0.75 0.75 0.75 0.625 0.625 0.625 0.75 0.625 0.625 0 0 0 0 0 0 0 0.05 0 0 0 0 0 0 0 0 0 0 0 0 0 0 0 0 7 7 7 7 7 7 7 8 7 7 7 7 7 7 7 6 6 6 7 7 7 6 7 7
"14" 0.625 0.625 0.25 0.875 0.875 0.5 0.875 0.625 0.625 0.625 0.625 0.625 0.625 0.625 0.625 0.75 0.75 0.75 0.75 0.75 0.75 0.75 0.75 0.75 0 0 0 0 0 0 0 0 0.05 0 0 0.05 0 0 0 0 0 0 0 0 0 0 0 0 6 6 7 2 5 5 5 6 9 6 6 7 6 6 6 5 5 5 5 5 5 5 5 5
"15" 0.375 0.25 0 0.75 0.625 0.625 0.625 0.625 0.625 0.625 0.5 0.375 0.625 0.5 0.25 0.5 0.625 0.5 0.5 0.625 0.5 0.5 0.625 0.5 0 0.05 0 0 0.05 0.05 0 0 0 0 0 0 0 0 0 0 0 0.1 0 0 0.05 0 0 0 7 8 8 2 7 7 6 6 6 6 6 6 6 6 6 6 6 7 6 6 7 6 6 6
"16" 0.625 0.375 0.125 0.5 0.75 0.625 0.625 0.75 0.75 0.625 0.75 0.75 0.625 0.75 0.75 0.75 0.75 0.625 0.75 0.625 0.625 0.75 0.625 0.625 0 0 0 0 0 0 0 0 0 0 0 0 0 0 0 0 0 0 0 0 0 0 0 0 6 5 8 7 6 6 4 3 4 4 3 4 4 3 4 3 3 4 3 3 4 3 3 4
"17" 0.75 0.75 0 0.75 0.75 0.5 0.75 0.75 0.75 0.75 0.75 0.75 0.75 0.75 0.75 0.75 0.75 0.75 0.75 0.75 0.75 0.75 0.75 0.75 0 0 0 0.05 0 0.1 0 0 0.05 0 0 0 0 0 0 0 0 0 0 0 0 0 0 0 5 5 8 6 5 7 5 5 8 5 5 5 5 5 5 5 5 5 5 5 5 5 5 5
"18" 0.875 0.625 0.375 0.75 0.75 0.5 0.875 0.875 0.875 0.875 0.875 0.75 0.875 0.875 0.75 0.75 0.875 0.875 0.75 0.875 0.75 0.75 0.875 0.75 0 0 0 0.05 0.05 0.05 0 0 0 0 0 0 0 0 0 0 0 0 0 0 0 0 0 0 5 6 6 6 6 7 5 6 5 5 6 5 5 5 5 5 5 5 5 5 5 5 5 5
"19" 0.625 0.5 0.125 0.5 0.625 0.75 0.625 0.625 0.75 0.625 0.625 0.625 0.625 0.625 0.625 0.625 0.625 0.5 0.625 0.625 0.5 0.625 0.625 0.5 0 0 0 0 0 0 0 0 0.05 0 0 0 0 0 0 0 0 0.05 0 0 0 0 0 0 5 6 8 6 4 6 5 5 6 5 5 5 5 5 5 5 5 8 5 5 7 5 5 7
"20" 0.625 0.375 0.125 0.75 0.75 0.625 0.625 0.625 0.625 0.625 0.625 0.625 0.625 0.625 0.625 0.625 0.625 0.625 0.625 0.625 0.625 0.625 0.625 0.625 0 0 0 0 0.05 0.05 0 0 0 0 0 0 0 0 0 0 0 0 0 0 0 0 0 0 6 6 8 6 7 7 6 6 6 6 6 6 6 6 6 6 6 6 6 6 6 6 6 6
"21" 0.5 0.5 0.125 0.625 0.5 0.5 0.875 0.875 0.75 0.75 0.875 0.625 0.75 0.875 0.625 0.625 0.75 0.75 0.625 0.75 0.75 0.5 0.625 0.75 0 0 0 0 0 0 0 0 0 0 0 0 0 0 0 0 0 0 0 0 0 0 0 0 6 6 7 7 7 7 5 5 5 5 5 5 5 5 5 5 5 5 5 5 5 5 5 5
"22" 0.375 0.375 0 0.75 0.625 0.625 0.625 0.625 0.625 0.625 0.5 0.5 0.5 0.5 0.5 0.5 0.5 0.5 0.5 0.375 0.375 0.5 0.5 0.375 0 0 0 0 0 0 0 0.05 0.1 0 0 0.05 0 0 0 0 0 0 0 0 0 0 0 0 7 7 8 4 4 4 6 7 9 6 7 8 7 7 7 6 7 7 7 7 7 7 7 7
"23" 0.5 0.5 0.5 0.75 0.75 0.625 0.75 0.75 0.75 0.75 0.625 0.75 0.75 0.625 0.75 0.625 0.625 0.75 0.625 0.625 0.75 0.625 0.625 0.625 0 0 0.05 0 0 0 0 0 0 0 0 0 0 0 0 0 0 0 0 0 0 0 0 0 6 6 6 4 6 6 2 3 3 3 3 3 3 3 3 3 3 3 5 3 3 5 3 3
"24" 0.5 0.125 0.125 0.5 0.375 0.25 0.75 0.75 0.875 0.625 0.625 0.875 0.75 0.5 0.875 0.75 0.875 0.875 0.75 0.875 0.875 0.75 0.875 0.875 0 0.05 0 0 0.05 0 0 0 0 0 0 0 0 0 0 0 0 0 0 0 0 0 0 0 6 9 8 7 8 7 5 5 5 5 5 5 5 6 5 5 5 5 5 5 5 5 5 5
"25" 0.625 0.5 0.25 1 0.875 0.875 0.75 0.75 0.75 0.75 0.75 0.75 0.75 0.75 0.75 0.875 0.75 0.875 0.75 0.75 0.75 0.75 0.75 0.875 0 0 0 0 0 0 0 0 0 0 0 0 0 0 0 0 0 0 0 0 0 0 0 0 5 7 7 5 5 5 4 4 3 4 4 3 4 4 3 3 6 3 4 6 6 4 4 5
"26" 0.5 0.5 0.125 0.625 0.5 0.5 0.875 0.75 0.75 0.75 0.75 0.75 0.75 0.75 0.625 0.875 0.875 0.625 0.875 0.875 0.625 0.875 0.875 0.625 0 0 0 0 0 0 0 0 0.05 0 0 0.05 0 0 0 0 0 0.05 0 0 0.05 0 0 0 6 6 8 6 6 6 5 4 7 6 4 7 6 4 6 5 5 7 5 5 7 5 5 6
"27" 0.5 0.125 0 0.75 0.75 0.625 0.5 0.625 0.625 0.5 0.5 0.5 0.5 0.5 0.375 0.625 0.375 0.5 0.625 0.375 0.375 0.625 0.375 0.375 0 0 0 0 0 0 0 0.05 0 0.05 0.05 0 0.05 0 0 0 0.05 0 0 0 0 0 0 0.05 4 8 8 6 6 6 6 5 4 7 5 6 7 4 6 4 7 6 4 6 6 4 6 7
"28" 0.5 0.375 0 0.625 0.5 0.5 0.5 0.625 0.5 0.5 0.625 0.375 0.5 0.625 0.375 0.5 0.5 0.5 0.5 0.5 0.5 0.5 0.5 0.375 0 0 0 0 0 0 0 0 0.1 0 0 0.05 0 0 0 0 0 0.05 0 0 0.05 0 0.05 0.05 6 7 8 6 6 6 8 6 9 6 6 8 6 6 7 6 7 8 6 7 8 6 8 7
"29" 0.75 0.125 0.25 0.5 0.75 0.375 0.625 0.625 0.625 0.625 0.625 0.625 0.625 0.625 0.5 0.75 0.75 0.75 0.75 0.625 0.75 0.75 0.625 0.625 0 0 0 0 0 0.05 0 0 0 0 0 0 0 0 0 0 0 0 0 0 0 0 0 0 5 8 7 7 4 8 5 5 5 5 5 5 5 5 5 5 5 5 5 5 5 5 5 5
"30" 0.625 0.125 0.125 0.625 0.25 0.25 0.75 0.75 0.625 0.75 0.75 0.625 0.75 0.75 0.625 0.75 0.75 0.75 0.75 0.75 0.625 0.75 0.75 0.625 0.05 0 0 0.05 0.05 0.05 0 0 0.05 0 0 0 0 0 0 0 0 0 0 0 0 0 0 0 6 8 8 6 9 9 5 4 5 5 6 5 5 6 7 7 5 5 7 7 5 7 7 7
"31" 0.5 0.375 0.625 0.625 0.5 0.75 0.75 0.75 0.75 0.75 0.75 0.625 0.75 0.75 0.75 0.75 0.75 0.75 0.75 0.75 0.75 0.75 0.75 0.625 0 0 0 0.05 0.05 0.05 0 0 0 0 0 0 0 0 0 0 0 0 0 0 0 0 0 0 7 7 6 6 7 6 5 5 5 5 5 6 5 5 5 5 5 5 5 5 5 5 5 6
"32" 0.375 0.5 0.125 0.625 0.625 0.625 0.625 0.625 0.5 0.625 0.5 0.5 0.625 0.5 0.5 0.625 0.625 0.625 0.625 0.5 0.625 0.625 0.5 0.625 0 0 0 0 0 0 0.05 0.1 0.05 0.05 0.05 0.05 0.05 0.1 0.05 0.1 0.1 0 0.1 0.1 0 0.1 0.1 0.05 8 7 8 4 6 6 4 5 7 4 5 8 4 6 8 5 5 3 5 9 3 5 9 4
"33" 0.25 0.125 0.125 0.625 0.625 0.625 0.625 0.625 0.625 0.5 0.5 0.5 0.375 0.5 0.5 0.5 0.625 0.5 0.5 0.625 0.5 0.5 0.375 0.5 0 0 0 0 0 0 0.05 0.1 0.05 0.05 0.1 0 0.05 0.1 0 0 0 0 0 0 0 0 0 0 8 8 8 6 6 6 5 8 6 7 8 6 8 8 6 7 4 5 7 4 5 7 7 5
"34" 0.375 0.25 0.25 0.875 0.625 0.75 0.375 0.375 0.375 0.375 0.375 0.375 0.375 0.375 0.375 0.375 0.375 0.375 0.375 0.375 0.375 0.375 0.375 0.375 0 0.05 0 0 0 0 0 0 0 0 0 0 0 0 0 0 0 0 0 0 0 0 0 0 7 9 7 5 5 6 7 7 7 7 7 7 7 7 7 7 7 7 7 7 7 7 7 7
"35" 0.5 0.5 0 0.625 0.625 0.625 0.5 0.75 0.75 0.5 0.75 0.75 0.5 0.75 0.5 0.75 0.75 0.625 0.75 0.75 0.625 0.75 0.75 0.625 0 0 0.1 0 0 0 0 0 0 0 0 0 0 0 0 0 0 0.05 0 0 0.05 0 0 0 6 6 10 5 5 5 6 3 4 6 3 4 6 3 7 3 3 5 3 3 5 3 3 4
"36" 0.5 0.625 0.125 0.75 0.75 0.5 0.75 0.75 0.875 0.75 0.75 0.75 0.75 0.75 0.75 0.75 0.75 0.75 0.75 0.75 0.625 0.75 0.75 0.625 0 0 0 0 0 0.05 0 0 0 0 0 0 0 0 0 0 0 0.05 0 0 0 0 0 0 6 6 8 5 5 7 5 5 6 5 5 6 5 5 6 5 5 5 5 5 5 5 5 5
"37" 0.875 0.25 0 0.375 0.25 0.25 0.875 0.875 0.875 0.875 0.875 0.875 0.875 0.875 0.875 0.875 0.875 0.875 0.875 0.875 0.875 0.875 0.875 0.875 0 0 0 0 0.05 0.15 0 0.05 0 0 0.05 0.05 0 0.05 0 0 0 0 0 0 0 0 0 0 3 7 8 8 9 11 5 4 3 5 4 4 5 4 3 5 3 3 5 3 3 5 3 3
"38" 0.375 0.375 0.25 0.625 0.625 0.5 0.625 0.5 0.625 0.625 0.375 0.5 0.625 0.375 0.375 0.625 0.625 0.5 0.375 0.375 0.5 0.625 0.375 0.5 0 0 0 0 0 0.05 0.05 0.05 0.05 0.05 0 0.05 0.05 0 0.05 0.05 0.05 0.05 0.05 0.05 0.05 0.05 0.05 0.05 7 7 7 5 5 7 6 7 7 6 7 8 6 7 8 6 6 8 8 8 8 6 8 8
"39" 0.625 0.375 0.5 0.75 0.625 0.625 0.875 0.75 0.75 0.875 0.75 0.75 0.875 0.625 0.75 0.75 0.75 0.75 0.75 0.75 0.75 0.75 0.75 0.75 0 0 0 0 0 0 0 0 0 0 0 0 0 0 0 0 0 0 0 0 0 0 0 0 6 6 6 5 5 6 6 3 4 6 6 3 6 6 3 3 3 3 3 3 3 3 3 6
"40" 0.625 0.25 0 0.5 0.5 0.375 0.75 0.75 0.5 0.75 0.75 0.5 0.75 0.75 0.5 0.75 0.75 0.5 0.625 0.625 0.5 0.625 0.625 0.375 0 0 0 0 0 0.05 0 0 0.1 0 0 0.05 0 0 0 0 0 0.05 0 0 0.05 0 0 0.05 6 7 8 6 6 8 2 2 8 2 6 7 2 6 6 6 6 7 6 6 7 6 6 8
"41" 0.375 0.25 0.5 0.75 0.875 0.5 0.75 0.75 0.75 0.625 0.75 0.625 0.625 0.75 0.625 0.75 0.75 0.75 0.75 0.75 0.75 0.75 0.75 0.75 0.05 0 0 0 0 0 0.05 0.05 0.05 0.05 0 0.05 0.05 0 0.05 0.05 0 0.05 0.05 0 0 0.05 0 0.05 8 7 7 5 5 6 7 7 7 8 4 7 8 4 7 7 6 7 7 6 6 7 6 7
"42" 0.625 0.5 0.125 0.625 0.75 0.75 0.75 0.625 0.875 0.75 0.625 0.875 0.75 0.625 0.625 0.75 0.625 0.875 0.75 0.625 0.625 0.75 0.625 0.625 0 0 0.05 0 0.05 0 0 0 0 0 0 0 0 0 0 0 0 0 0 0 0 0 0 0 5 6 9 6 5 6 5 5 3 5 5 3 5 5 6 5 5 3 5 5 6 5 5 6
"43" 0.625 0.25 0.125 0.75 0.625 0.375 0.75 0.5 0.625 0.75 0.5 0.625 0.75 0.5 0.625 0.75 0.625 0.5 0.75 0.625 0.5 0.75 0.5 0.375 0 0 0 0 0 0 0 0 0 0 0 0 0 0 0 0 0 0.05 0 0 0 0 0 0.05 3 7 8 3 7 7 2 4 3 2 4 3 2 4 6 2 3 5 2 3 4 2 4 6
"44" 0.5 0.25 0.25 0.625 0.5 0.5 0.625 0.5 0.625 0.625 0.5 0.625 0.625 0.375 0.5 0.625 0.5 0.625 0.625 0.5 0.625 0.625 0.5 0.625 0 0.05 0 0 0 0 0 0.05 0.05 0 0.05 0.05 0 0.05 0.05 0 0.05 0 0 0.05 0 0 0.05 0 6 8 7 6 6 6 6 7 7 6 7 7 6 7 7 6 7 6 6 7 6 6 7 6
"45" 0.375 0.125 0.125 0.75 0.625 0.625 0.375 0.5 0.625 0.375 0.5 0.5 0.375 0.5 0.5 0.375 0.5 0.5 0.375 0.5 0.5 0.375 0.5 0.5 0 0 0 0 0 0 0 0 0.05 0 0 0 0 0 0 0 0.05 0.05 0 0 0.05 0 0 0 8 8 8 5 5 6 6 6 6 6 6 6 6 6 6 6 7 7 6 6 7 6 6 6
"46" 0.75 0.625 0 0.75 0.625 0.625 1 1 1 1 1 1 1 1 0.875 1 1 1 1 1 1 1 1 1 0 0 0 0 0 0 0 0 0 0 0 0 0 0 0 0 0 0 0 0 0 0 0 0 4 4 8 4 6 4 3 3 2 3 3 3 3 3 3 3 3 3 3 3 3 3 5 3
"47" 0.75 0.375 0.625 0.625 0.625 0.625 0.625 0.75 0.75 0.625 0.75 0.75 0.625 0.75 0.75 0.75 0.75 0.75 0.75 0.75 0.75 0.75 0.75 0.75 0 0 0 0 0 0 0 0 0 0 0 0 0 0 0 0 0 0.05 0 0 0.05 0 0 0.05 4 7 6 7 7 7 6 5 4 6 5 6 6 5 6 4 4 5 4 4 5 4 4 5
"48" 0.625 0.25 0.125 0.375 0.375 0.375 0.875 0.75 0.875 0.875 0.75 0.875 0.875 0.75 0.875 0.75 0.75 0.875 0.75 0.625 0.875 0.75 0.625 0.75 0 0 0 0 0 0 0 0 0 0 0 0 0 0 0 0 0 0 0 0 0 0 0 0 6 8 8 7 7 7 4 3 1 4 4 1 4 4 4 6 2 2 6 6 2 6 6 3
"49" 0.625 0.25 0.125 0.75 0.75 0.75 0.625 0.75 0.625 0.625 0.625 0.625 0.625 0.625 0.625 0.5 0.625 0.625 0.5 0.625 0.625 0.5 0.5 0.625 0 0.05 0 0 0 0 0 0 0 0 0 0 0 0 0 0 0 0.05 0 0 0 0 0 0 5 8 8 6 4 6 6 5 5 6 5 5 6 5 5 5 5 6 5 5 5 5 6 5
"50" 0.5 0.5 0.125 0.75 0.625 0.625 0.625 0.625 0.625 0.5 0.5 0.625 0.5 0.5 0.5 0.625 0.625 0.625 0.625 0.625 0.625 0.625 0.625 0.625 0 0 0 0 0 0 0 0.05 0 0 0.05 0 0 0.05 0 0.05 0.05 0 0.05 0.05 0 0.05 0.05 0 7 7 8 3 6 6 6 7 6 7 8 6 7 8 7 7 7 6 7 7 6 7 7 6
"51" 0.75 0.5 0 0.75 0.625 0.625 0.75 0.75 0.75 0.75 0.75 0.625 0.75 0.75 0.625 0.75 0.75 0.75 0.75 0.75 0.75 0.75 0.75 0.75 0 0 0 0 0 0 0 0 0.05 0 0 0 0 0 0 0 0 0.1 0 0 0.1 0 0 0.1 3 5 8 5 5 5 5 5 7 5 5 5 5 5 5 5 5 7 5 5 7 5 5 7
"52" 0.625 0.625 0.375 0.875 0.625 0.75 0.75 0.75 0.75 0.75 0.75 0.75 0.625 0.75 0.75 0.625 0.625 0.75 0.625 0.625 0.75 0.625 0.625 0.625 0 0 0 0 0 0 0 0 0 0 0 0 0 0 0 0 0 0 0 0 0 0 0 0 4 6 7 5 6 5 2 2 3 2 2 3 4 2 3 4 4 3 4 4 3 4 4 4
"53" 0.25 0.25 0.25 0.625 0.625 0.5 0.5 0.5 0.625 0.5 0.5 0.5 0.5 0.375 0.5 0.5 0.625 0.625 0.5 0.5 0.625 0.5 0.5 0.625 0 0 0 0 0.05 0 0 0 0 0 0 0 0 0 0 0 0 0.05 0 0 0 0 0 0 7 7 7 6 7 6 4 6 6 4 6 6 4 6 6 4 6 8 4 6 6 4 6 6
"54" 0.5 0.125 0.125 0.625 0.5 0.5 0.75 0.75 0.625 0.75 0.5 0.625 0.75 0.5 0.625 0.75 0.75 0.75 0.625 0.75 0.75 0.625 0.75 0.75 0 0 0 0 0.05 0.05 0 0 0 0 0 0 0 0 0 0 0 0 0 0 0 0 0 0 5 7 8 6 7 7 3 6 6 3 6 6 3 6 6 6 6 6 6 6 6 6 6 6
"55" 0.375 0.25 0.25 0.75 0.5 0.625 0.375 0.75 0.75 0.375 0.625 0.5 0.375 0.5 0.375 0.625 0.625 0.625 0.625 0.5 0.625 0.625 0.625 0.5 0 0 0 0 0 0.05 0 0 0 0 0 0 0 0 0 0 0 0 0 0 0 0 0 0 7 8 7 3 4 5 7 5 3 7 6 5 7 6 7 5 5 4 5 6 4 5 5 6
"56" 0.75 0.75 0 0.5 0.5 0.5 1 0.875 0.75 1 0.875 0.75 0.875 0.875 0.625 0.875 0.75 0.75 0.875 0.75 0.625 0.875 0.75 0.625 0 0 0 0 0 0 0 0 0 0 0 0 0 0 0 0 0 0.05 0 0 0 0 0 0 5 5 8 6 6 6 2 1 3 2 1 5 2 1 6 2 5 5 2 5 4 2 5 4
"57" 0.625 0.625 0.375 0.625 0.625 0.625 0.75 0.625 0.75 0.75 0.625 0.75 0.75 0.625 0.75 0.75 0.75 0.75 0.75 0.75 0.625 0.75 0.75 0.75 0 0 0 0 0 0.05 0 0.05 0 0 0 0 0 0 0 0 0 0 0 0 0 0 0 0 3 3 7 3 5 6 2 6 2 2 5 2 2 5 2 2 2 2 2 2 3 2 2 2
"58" 0.5 0.125 0.25 0.875 0.75 0.875 0.75 0.5 0.25 0.625 0.5 0.25 0.75 0.625 0.375 0.875 0.625 0.625 0.875 0.5 0.5 0.875 0.625 0.5 0 0 0 0 0 0 0 0.05 0.05 0 0 0.05 0 0 0.05 0 0 0 0 0 0 0 0 0 6 7 6 5 5 5 5 7 8 6 6 8 5 5 7 5 5 5 5 6 6 5 5 6
"59" 0.5 0.375 0.25 0.875 0.875 0.875 0.875 0.875 0.625 0.875 0.875 0.625 0.875 0.875 0.625 0.875 0.875 0.875 0.875 0.875 0.875 0.875 0.875 0.875 0 0 0 0 0 0 0 0 0.05 0 0 0 0 0 0 0 0 0 0 0 0 0 0 0 6 7 8 2 5 5 2 2 4 2 2 3 2 2 3 2 2 4 2 2 3 2 2 3
"60" 0.75 0.5 0.125 0.5 0.375 0.375 0.75 0.625 0.625 0.75 0.625 0.625 0.75 0.625 0.625 0.75 0.75 0.75 0.75 0.5 0.625 0.75 0.5 0.625 0 0 0 0 0 0.05 0 0 0 0 0 0 0 0 0 0 0 0 0 0 0 0 0 0 5 7 8 6 6 6 5 5 5 5 5 5 5 5 5 5 5 5 5 5 5 5 5 5
"61" 0.375 0.25 0.25 0.75 0.75 0.625 0.5 0.5 0.5 0.5 0.5 0.5 0.5 0.5 0.5 0.625 0.5 0.5 0.5 0.5 0.5 0.625 0.5 0.5 0 0 0.05 0 0 0.05 0 0 0 0 0 0 0 0 0 0 0 0 0 0 0 0 0 0 7 8 9 6 6 7 5 5 5 5 5 7 5 5 7 5 7 7 5 7 7 5 7 7
"62" 0.375 0.25 0 0.75 0.75 0.5 0.625 0.625 0.625 0.625 0.5 0.5 0.625 0.5 0.625 0.5 0.5 0.5 0.5 0.5 0.5 0.5 0.5 0.5 0 0.05 0 0 0 0 0 0 0 0 0 0 0 0 0 0 0 0 0 0 0 0 0 0 7 9 8 3 3 6 6 6 6 6 6 6 6 6 6 6 6 6 6 6 6 6 6 6
"63" 0.625 0.625 0.25 0.75 0.875 0.75 0.75 0.75 0.625 0.75 0.625 0.625 0.625 0.75 0.625 0.75 0.75 0.75 0.75 0.75 0.75 0.75 0.75 0.75 0 0 0 0 0 0 0 0 0.05 0 0 0 0 0 0 0 0 0 0 0 0 0 0 0 4 4 7 3 5 3 4 2 5 4 4 4 4 4 4 2 2 2 2 2 2 2 2 2
"64" 0.625 0.375 0.375 0.625 0.5 0.5 0.75 0.875 0.75 0.625 0.75 0.75 0.625 0.625 0.75 0.625 0.625 0.75 0.625 0.625 0.75 0.625 0.625 0.75 0 0 0 0 0 0 0 0 0 0 0 0 0 0 0 0 0 0 0 0 0 0 0 0 6 7 7 4 6 6 5 4 6 6 5 6 6 7 6 6 6 6 6 6 6 6 6 6
"65" 0.5 0.375 0.125 0.5 0.5 0.375 0.625 0.625 0.5 0.625 0.625 0.5 0.625 0.625 0.5 0.625 0.625 0.625 0.625 0.625 0.5 0.625 0.625 0.5 0 0 0 0.05 0.05 0.05 0.05 0.1 0.05 0.05 0.05 0 0.05 0.05 0 0.05 0.05 0.05 0 0.05 0 0 0 0 6 6 7 7 7 8 6 7 7 6 6 6 6 6 6 6 6 6 5 6 6 5 5 6
"66" 0.75 0.375 0.25 0.75 0.75 0.5 0.75 0.75 0.75 0.625 0.75 0.75 0.625 0.75 0.625 0.75 0.75 0.625 0.75 0.75 0.625 0.75 0.75 0.625 0 0 0 0 0 0.05 0.05 0.05 0 0.05 0.05 0 0.05 0.05 0 0 0 0 0 0 0 0 0 0 5 7 8 5 5 6 4 4 5 5 4 5 5 4 6 5 5 6 5 5 6 5 5 6
"67" 0.625 0.375 0 0.875 0.625 0.875 0.75 0.875 0.875 0.75 0.625 0.75 0.75 0.625 0.625 0.75 0.625 0.875 0.75 0.625 0.875 0.75 0.625 0.75 0 0 0 0 0 0 0 0 0 0 0 0 0 0 0 0 0 0 0 0 0 0 0 0 4 6 8 5 5 5 4 3 3 4 4 4 4 4 4 4 4 3 4 4 3 4 4 4
"68" 0.5 0.5 0.125 0.75 0.625 0.625 0.5 0.5 0.5 0.5 0.5 0.5 0.5 0.5 0.5 0.5 0.5 0.5 0.5 0.5 0.375 0.5 0.5 0.375 0 0 0 0 0 0.05 0 0 0 0 0 0 0 0 0 0 0 0 0 0 0 0 0 0 7 7 7 4 6 7 7 7 6 7 7 7 7 7 7 7 7 7 7 7 7 7 7 7
"69" 0.375 0.25 0.5 0.25 0.25 0.25 0.625 0.625 0.625 0.625 0.625 0.625 0.625 0.625 0.625 0.625 0.625 0.625 0.625 0.5 0.625 0.625 0.625 0.625 0 0 0 0 0 0 0.05 0.1 0 0 0.05 0 0 0.05 0 0 0.05 0 0 0.05 0 0 0 0 8 7 6 8 8 8 4 5 3 3 4 3 3 4 3 3 4 3 3 5 3 3 5 3
"70" 0.5 0.625 0 0.875 0.75 0.5 0.625 0.5 0.625 0.625 0.375 0.25 0.625 0.375 0.375 0.75 0.75 0.625 0.75 0.625 0.375 0.75 0.75 0.5 0 0 0 0 0 0 0.05 0.05 0.05 0.05 0 0 0.05 0.05 0 0 0 0.05 0 0 0.05 0 0 0.05 7 6 8 5 5 6 6 9 7 6 8 8 6 9 7 6 6 7 6 6 8 6 6 7
"71" 0.75 0.625 0.125 0.75 0.375 0.375 0.75 0.75 0.75 0.75 0.75 0.75 0.75 0.75 0.75 0.75 0.75 0.75 0.75 0.75 0.75 0.75 0.75 0.75 0 0 0.05 0 0.05 0.05 0 0 0 0 0 0 0 0 0 0 0 0 0 0 0 0 0 0 2 6 9 2 7 8 2 2 6 2 2 6 2 2 6 2 6 6 2 6 6 2 6 6
"72" 0.375 0.25 0 0.5 0.5 0.375 0.625 0.625 0.75 0.625 0.375 0.625 0.625 0.5 0.625 0.5 0.625 0.625 0.5 0.625 0.375 0.5 0.625 0.5 0 0 0 0 0 0 0.05 0.1 0.05 0.05 0.05 0.05 0.05 0 0.05 0 0 0 0 0 0 0 0 0 8 8 8 6 6 6 6 7 6 6 9 7 6 7 5 5 5 5 5 5 6 5 5 5
"73" 0.5 0.375 0.25 0.5 0.625 0.625 0.625 0.75 0.625 0.625 0.75 0.625 0.625 0.75 0.625 0.75 0.75 0.625 0.625 0.75 0.625 0.625 0.75 0.625 0 0 0.05 0 0.05 0.05 0 0 0 0 0 0 0 0 0 0 0 0 0 0 0 0 0 0 7 7 9 6 7 7 6 3 6 6 5 6 6 4 6 5 4 6 6 4 6 6 4 6
"74" 0.625 0.375 0.375 0.875 0.875 0.875 0.625 0.625 0.625 0.625 0.625 0.625 0.625 0.5 0.5 0.625 0.625 0.625 0.625 0.625 0.625 0.625 0.625 0.625 0.05 0 0 0 0 0 0 0.05 0.05 0 0.05 0.05 0 0.05 0.05 0 0.05 0.05 0 0.05 0.05 0 0.05 0.05 5 7 6 5 5 5 4 6 8 4 5 7 4 7 7 4 5 5 4 5 5 4 5 5
"75" 0.75 0 0.375 0.625 0.5 0.5 0.875 0.875 0.75 0.875 0.875 0.75 0.875 0.75 0.75 0.75 0.75 0.875 0.75 0.625 0.75 0.75 0.625 0.75 0 0.05 0 0 0 0 0 0.05 0.05 0 0.05 0 0 0.05 0 0 0 0 0 0.05 0 0 0.05 0.05 5 9 7 6 6 6 5 3 4 5 3 3 5 3 3 5 5 5 5 7 6 5 7 7
"76" 0.375 0.125 0.125 0.75 0.625 0.625 0.625 0.625 0.625 0.625 0.5 0.625 0.625 0.5 0.625 0.625 0.5 0.75 0.625 0.5 0.75 0.625 0.5 0.75 0 0 0 0 0 0 0 0 0.05 0 0 0 0 0 0.05 0 0.05 0 0 0 0 0 0 0 5 8 8 6 6 6 5 5 6 5 5 4 5 5 6 5 6 8 5 5 8 5 5 8
"77" 0.375 0.25 0.125 0.75 0.625 0.75 0.625 0.75 0.75 0.625 0.75 0.75 0.625 0.625 0.75 0.75 0.625 0.75 0.75 0.625 0.75 0.625 0.625 0.75 0 0 0.05 0 0.05 0 0 0.05 0 0 0 0 0 0 0 0 0.05 0.05 0 0 0 0 0 0 7 7 9 5 6 5 7 5 4 7 4 4 7 7 4 7 8 8 7 7 7 7 7 7
"78" 0.375 0.375 0 0.625 0.625 0.625 0.625 0.625 0.625 0.625 0.625 0.5 0.625 0.625 0.5 0.625 0.625 0.625 0.625 0.625 0.375 0.625 0.625 0.375 0 0 0.05 0 0 0 0 0 0 0 0 0 0 0 0 0 0 0.05 0 0 0.05 0 0 0.05 7 7 9 4 4 6 3 3 5 3 3 6 3 3 6 3 3 4 3 3 8 3 3 8
"79" 0.5 0.125 0.125 0.625 0.5 0.5 0.625 0.375 0.5 0.5 0.125 0.5 0.5 0.125 0.375 0.5 0.375 0.5 0.5 0.375 0.5 0.5 0.375 0.375 0.05 0 0.05 0.05 0.05 0.05 0.05 0.05 0.1 0.05 0.05 0.05 0.05 0.05 0 0 0.05 0 0 0.05 0 0 0.05 0 7 8 9 8 8 8 7 8 9 8 9 8 8 9 7 5 7 7 5 8 7 5 7 8
"80" 0.25 0.25 0.125 0.75 0.75 0.625 0.625 0.625 0.625 0.625 0.625 0.625 0.625 0.625 0.625 0.625 0.625 0.625 0.625 0.625 0.5 0.625 0.625 0.5 0 0 0 0 0 0 0 0 0 0 0 0 0 0 0 0 0 0 0 0 0 0 0 0 7 7 8 5 5 6 6 6 6 6 6 6 6 6 6 6 6 6 6 6 6 6 6 6
"81" 0.375 0.375 0 0.875 0.875 0.625 0.5 0.5 0.5 0.5 0.5 0.375 0.5 0.5 0.375 0.5 0.625 0.5 0.5 0.5 0.5 0.5 0.625 0.375 0 0 0 0.05 0 0.1 0 0 0 0 0 0 0 0 0 0 0 0.05 0 0 0 0 0 0 7 7 8 6 5 7 6 6 6 7 6 7 7 6 7 7 6 7 7 7 6 7 6 7
"82" 0.625 0.375 0.125 0.75 0.75 0.625 0.875 0.75 0.625 0.75 0.75 0.625 0.75 0.625 0.625 0.75 0.75 0.5 0.75 0.625 0.5 0.75 0.625 0.375 0 0 0 0 0 0 0 0 0 0 0 0 0 0 0 0 0 0.05 0 0 0 0 0 0 6 7 8 3 3 5 4 5 3 4 5 7 4 5 7 6 6 8 6 6 7 6 6 7
"83" 0.5 0.25 0.125 0.625 0.5 0.625 0.5 0.625 0.625 0.5 0.625 0.625 0.5 0.625 0.625 0.625 0.625 0.625 0.625 0.625 0.625 0.5 0.625 0.625 0 0 0 0 0 0 0.05 0.05 0.1 0.05 0.05 0.05 0.05 0.05 0.05 0.05 0.05 0.05 0.05 0.05 0 0.05 0.05 0 7 8 8 6 7 6 8 9 10 8 9 7 8 9 7 7 9 7 7 9 6 8 9 6
"84" 0.25 0.25 0 0.75 0.75 0.75 0.375 0.375 0.375 0.375 0.375 0.375 0.375 0.375 0.25 0.375 0.375 0.5 0.375 0.375 0.375 0.375 0.375 0.375 0 0.05 0 0 0 0 0 0 0 0 0 0 0 0 0 0 0.05 0.1 0 0.05 0.05 0 0.05 0 8 9 8 5 5 5 7 7 7 7 7 7 7 7 8 7 8 10 7 7 8 7 8 7
"85" 0.375 0.125 0.375 0.75 0.75 0.75 0.625 0.625 0.625 0.625 0.625 0.625 0.75 0.625 0.625 0.625 0.5 0.625 0.625 0.5 0.625 0.625 0.5 0.625 0 0.05 0 0 0 0 0 0 0.05 0 0 0.05 0 0 0 0 0 0.05 0 0 0.05 0 0 0.05 7 9 7 3 5 5 5 5 6 5 5 6 4 5 5 5 5 6 5 5 6 5 5 6
"86" 0.5 0.375 0.125 0.875 0.75 0.75 0.75 0.375 0.625 0.75 0.375 0.5 0.75 0.375 0.5 0.75 0.625 0.625 0.75 0.5 0.625 0.625 0.625 0.625 0 0 0 0 0 0 0 0 0 0 0 0 0 0 0 0 0 0 0 0 0 0 0 0 7 7 8 3 6 6 6 7 5 6 7 6 6 7 6 6 6 6 6 7 6 6 6 6
"87" 0.5 0.25 0.25 0.5 0.625 0.25 0.625 0.625 0.5 0.625 0.625 0.5 0.625 0.625 0.5 0.5 0.75 0.75 0.5 0.75 0.625 0.5 0.625 0.625 0 0 0 0 0 0 0 0 0 0 0 0 0 0 0 0 0 0 0 0 0 0 0 0 6 7 7 5 5 7 4 4 5 4 4 5 4 4 6 6 2 4 6 2 4 6 4 4
"88" 0.625 0.25 0 0.625 0.375 0.5 0.875 0.875 0.875 0.875 0.875 0.875 0.875 0.875 0.75 0.875 0.75 0.75 0.875 0.75 0.75 0.875 0.75 0.75 0 0 0 0 0 0 0 0 0 0 0 0 0 0 0 0 0 0 0 0 0 0 0 0 6 8 8 6 6 6 6 6 6 6 6 6 6 6 7 6 7 7 6 7 7 6 7 7
"89" 0.625 0.25 0.5 0.75 0.75 0.375 1 0.875 1 1 0.875 1 0.875 0.875 1 1 0.875 0.875 0.75 0.75 0.875 0.75 0.75 0.875 0 0 0 0 0 0.1 0 0 0 0 0 0 0 0 0 0 0 0 0 0 0 0 0 0 6 7 5 6 6 8 2 6 1 2 5 3 5 5 3 5 5 5 5 5 5 5 5 5
"90" 0.375 0.125 0.375 0.75 0.625 0.625 0.375 0.375 0.375 0.375 0.375 0.375 0.375 0.375 0.375 0.25 0.25 0.25 0.25 0.25 0.25 0.25 0.25 0.25 0 0 0 0.05 0.05 0 0 0 0 0 0 0 0 0 0 0.05 0.05 0 0.05 0 0 0 0 0 7 8 7 6 7 5 5 5 5 5 5 5 5 5 5 9 9 8 9 8 8 8 8 8
"91" 0.625 0 0.375 0.625 0.625 0.5 0.625 0.75 0.625 0.625 0.5 0.625 0.625 0.625 0.625 0.75 0.75 0.625 0.625 0.75 0.625 0.625 0.625 0.625 0 0 0 0 0 0 0 0 0 0 0 0 0 0 0 0 0 0 0 0 0 0 0 0 5 8 6 6 6 7 5 5 5 5 6 5 5 5 5 5 5 5 5 5 5 5 5 5
"92" 0.5 0.25 0.125 0.625 0.625 0.375 0.375 0.625 0.5 0.5 0.625 0.25 0.5 0.5 0.25 0.5 0.625 0.625 0.5 0.625 0.625 0.5 0.625 0.5 0 0 0 0 0 0 0 0 0 0 0 0 0 0 0 0 0 0.05 0 0 0.05 0 0 0 5 8 8 4 6 7 7 4 6 7 4 8 7 5 8 7 6 7 7 6 7 7 6 7
"93" 0.625 0.5 0.125 0.75 0.75 0.5 0.625 0.625 0.625 0.625 0.625 0.625 0.625 0.625 0.5 0.625 0.625 0.625 0.625 0.625 0.5 0.625 0.625 0.5 0 0 0 0 0 0 0 0.05 0.05 0 0 0.05 0 0.05 0.05 0 0 0.05 0 0 0.05 0 0 0.05 6 7 8 6 6 7 6 5 7 6 6 6 6 7 7 6 6 7 6 6 8 6 6 8
"94" 0.75 0.5 0.375 0.5 0.625 0.625 0.875 0.875 0.875 0.875 0.875 0.875 0.875 0.875 0.875 0.875 0.875 0.875 0.875 0.875 0.875 0.875 0.875 0.875 0 0 0 0 0 0.05 0 0 0 0 0 0 0 0 0 0 0 0 0 0 0 0 0 0 6 6 7 6 6 4 1 2 3 1 3 3 1 2 3 2 3 3 2 3 3 2 2 5
"95" 0.125 0.125 0 0.75 0.625 0.625 0.375 0.375 0.375 0.375 0.375 0.375 0.375 0.375 0.375 0.375 0.375 0.375 0.375 0.375 0.25 0.375 0.375 0.25 0 0 0 0 0 0 0.05 0 0 0.05 0 0 0.05 0 0 0.05 0 0 0.05 0 0 0.05 0 0 8 8 8 5 5 5 8 7 7 8 7 7 8 7 7 8 7 7 8 7 7 8 7 7
"96" 0.875 0.25 0.375 0.5 0.375 0.375 0.75 0.625 0.75 0.75 0.625 0.625 0.75 0.625 0.75 0.875 0.75 0.75 0.875 0.75 0.75 0.875 0.75 0.75 0 0 0 0 0 0 0 0 0 0 0 0 0 0 0 0 0 0 0 0 0 0 0 0 1 7 6 6 7 7 5 3 2 5 3 5 5 3 2 1 2 2 1 5 2 1 5 5
"97" 0.5 0.375 0 0.875 0.75 0.75 0.625 0.5 0.5 0.625 0.5 0.5 0.625 0.5 0.5 0.5 0.5 0.5 0.5 0.5 0.5 0.5 0.5 0.5 0 0 0 0 0 0 0 0 0.05 0 0 0 0 0 0 0 0 0 0 0 0 0 0 0 7 8 8 3 4 4 5 7 9 5 7 7 5 7 7 7 7 7 7 7 7 7 7 7
"98" 0.625 0.5 0.125 0.75 0.75 0.625 0.625 0.75 0.875 0.625 0.625 0.875 0.625 0.75 0.75 0.75 0.75 0.875 0.75 0.75 0.875 0.75 0.75 0.875 0 0 0 0 0.05 0.05 0 0 0 0 0 0 0 0 0 0 0 0.05 0 0 0 0 0 0 6 6 7 5 6 6 5 5 5 5 5 5 5 5 6 5 5 6 5 5 5 5 5 5
"99" 0.5 0.75 0.125 0.625 0.625 0.625 0.875 0.875 0.625 0.875 0.875 0.625 0.875 0.875 0.5 0.875 0.875 0.75 0.875 0.875 0.625 0.875 0.875 0.625 0 0 0 0 0.05 0.05 0 0 0.05 0 0 0 0 0 0 0 0 0 0 0 0 0 0 0 5 5 8 5 6 6 3 3 8 5 3 7 5 3 7 3 3 4 3 5 6 3 5 6
"100" 0.375 0.5 0.25 0.875 0.75 0.75 0.625 0.75 0.625 0.625 0.75 0.625 0.625 0.625 0.625 0.625 0.5 0.625 0.625 0.625 0.625 0.625 0.625 0.625 0 0 0 0 0 0 0 0 0 0 0 0 0 0 0 0 0 0 0 0 0 0 0 0 6 5 7 1 6 2 5 5 5 5 5 5 5 5 5 5 5 5 5 5 5 5 5 5
