"V1" "V2" "V3" "V4" "V5" "V6" "V7" "V8" "V9" "V10" "V11" "V12" "V13" "V14" "V15" "V16" "V17" "V18" "V19" "V20" "V21" "V22" "V23" "V24" "V25" "V26" "V27" "V28" "V29" "V30" "V31" "V32" "V33" "V34" "V35" "V36" "V37" "V38" "V39" "V40" "V41" "V42" "V43" "V44" "V45" "V46" "V47" "V48" "V49" "V50" "V51" "V52" "V53" "V54" "V55" "V56" "V57" "V58" "V59" "V60" "V61" "V62" "V63" "V64" "V65" "V66" "V67" "V68" "V69" "V70" "V71" "V72"
"1" 0.875 0.875 0.75 1 1 1 0.875 0.875 0.875 0.875 0.875 0.875 0.875 0.875 0.875 0.875 0.875 0.875 0.875 0.875 0.875 0.875 0.875 0.875 0 0 0 0.1 0.2 0.2 0.1 0.1 0.1 0.1 0.1 0.1 0.1 0.1 0.1 0 0 0 0 0 0 0 0 0 3 3 5 2 5 5 5 5 4 5 5 5 5 5 5 3 3 3 3 3 3 3 3 3
"2" 0.875 0.875 0.875 1 1 1 0.875 0.875 1 0.875 0.875 0.875 0.875 0.875 0.875 1 0.875 0.875 1 0.875 0.875 0.875 0.875 0.875 0 0 0 0 0.1 0 0.1 0.05 0.05 0.05 0.05 0.05 0.05 0.05 0.05 0.05 0.05 0.05 0.05 0.05 0 0.05 0.05 0 1 1 1 1 2 1 3 2 1 2 2 2 2 2 2 1 2 2 1 2 1 2 2 1
"3" 1 0.875 0.875 1 1 1 1 1 1 1 1 1 1 1 1 1 1 1 1 1 1 1 1 1 0 0 0 0 0 0.05 0 0.05 0.05 0 0.05 0 0 0.05 0 0 0 0 0 0 0 0 0 0 1 2 2 0 0 1 1 2 2 1 2 1 1 2 1 1 1 1 1 1 1 1 1 1
"4" 0.875 0.875 0.625 0.875 0.875 1 0.875 0.875 0.75 0.875 0.875 0.75 0.875 0.875 0.75 0.875 0.875 0.875 0.875 0.875 0.875 0.875 0.875 0.875 0 0 0 0 0.05 0.05 0 0 0.1 0 0 0.05 0 0 0 0 0 0 0 0 0 0 0 0 2 2 7 2 3 2 2 2 5 2 2 4 2 2 3 2 2 2 2 2 2 2 2 2
"5" 1 0.875 0.75 1 1 1 1 1 0.875 1 1 0.75 1 1 0.875 1 1 1 1 1 1 1 1 1 0 0 0 0 0.15 0.1 0 0 0 0 0 0 0 0 0 0 0 0 0 0 0 0 0 0 1 1 5 2 3 2 1 0 3 1 0 5 1 0 3 1 1 0 1 1 0 1 1 0
"6" 0.875 1 0.875 1 1 1 1 1 1 1 1 1 1 1 1 1 1 1 1 1 1 1 1 1 0 0.05 0 0 0.05 0.1 0 0.05 0.05 0 0.05 0.05 0 0.05 0.05 0 0 0 0 0 0 0 0 0 1 4 1 0 2 4 0 1 2 0 1 2 0 1 1 0 0 0 0 0 0 0 0 0
"7" 0.875 0.875 0.75 1 1 1 0.875 0.875 0.875 0.875 0.875 0.875 0.875 0.875 0.875 0.875 0.875 0.875 0.875 0.875 0.875 0.875 0.875 0.875 0 0 0 0 0 0.1 0.05 0.05 0.1 0.05 0 0.05 0.05 0 0.05 0.05 0 0 0 0 0 0.05 0 0 1 1 2 0 0 2 3 3 4 3 1 2 3 1 2 2 1 1 1 1 1 2 1 1
"8" 0.875 0.875 0.875 1 1 1 0.875 0.875 0.875 0.875 0.875 0.875 0.875 0.875 0.875 0.875 0.875 0.875 0.875 0.875 0.875 0.875 0.875 0.875 0 0 0 0 0.05 0.05 0.1 0.05 0 0.05 0.05 0 0.05 0.05 0 0 0.05 0 0 0.05 0 0 0.05 0 2 2 2 1 1 1 5 3 2 3 3 2 3 3 2 2 3 2 2 3 2 2 3 2
"9" 0.875 0.75 0.625 1 1 1 1 1 0.875 0.875 1 0.875 0.875 0.875 0.875 0.875 0.875 0.875 0.875 0.875 0.875 0.875 0.875 0.875 0 0 0 0 0.05 0.05 0 0.05 0 0 0 0 0 0 0 0 0 0.05 0 0 0 0 0 0 2 3 4 0 1 2 1 4 3 2 2 3 2 2 3 2 2 3 2 2 2 2 2 2
"10" 0.875 0.875 0.875 1 1 1 1 1 1 1 1 1 1 1 1 1 1 1 0.875 1 0.875 1 1 0.875 0 0 0 0.05 0.05 0.1 0 0.05 0 0 0 0 0 0 0 0 0 0.05 0 0 0 0 0 0 3 5 3 2 2 5 3 4 3 3 3 3 3 3 3 3 4 4 3 4 3 3 4 3
"11" 1 1 0.875 0.875 1 0.875 1 1 1 1 1 1 1 1 1 1 1 1 1 1 1 1 1 1 0 0 0 0.05 0.05 0 0.05 0.1 0 0.05 0.05 0 0.05 0.05 0 0 0 0 0 0 0 0 0 0 0 0 3 4 1 3 1 2 0 1 1 0 1 1 0 0 0 0 0 0 0 0 0 0
"12" 0.875 0.875 0.5 0.875 0.875 0.875 0.875 0.875 0.875 0.875 0.875 0.875 0.875 0.875 0.875 0.875 0.875 0.875 0.875 0.75 0.75 0.875 0.875 0.75 0 0 0 0.05 0.05 0.05 0.05 0.05 0.05 0 0.05 0 0 0 0 0 0.05 0.05 0 0.05 0.05 0 0 0.05 3 3 5 6 6 6 5 5 4 4 5 4 4 4 4 3 4 4 3 5 5 3 3 5
"13" 1 0.875 0.875 1 1 1 1 1 1 1 1 1 1 1 1 1 1 1 1 1 1 1 1 1 0 0 0 0.05 0 0.1 0 0 0 0 0 0 0 0 0 0 0 0 0 0 0 0 0 0 1 3 3 1 1 5 0 1 1 0 1 1 0 1 1 1 2 1 2 2 2 1 2 2
"14" 1 0.875 0.75 1 0.875 1 1 1 1 1 1 1 1 1 1 1 1 1 1 1 1 1 1 1 0.05 0 0 0 0.05 0.05 0.05 0.05 0.05 0.05 0.05 0.05 0.05 0.05 0.05 0 0 0 0 0 0 0 0 0 4 3 6 0 4 2 1 1 1 1 1 1 1 1 1 0 0 0 0 0 0 0 0 0
"15" 0.875 0.5 0.375 1 1 1 0.875 1 0.875 0.875 1 0.875 0.875 0.875 0.875 1 1 0.875 0.875 1 0.875 0.875 1 0.875 0 0 0 0 0 0 0 0 0.05 0 0 0 0 0 0 0 0 0.05 0 0 0 0 0 0 2 6 7 1 0 2 2 2 6 2 5 5 2 5 5 2 2 3 2 2 2 2 2 5
"16" 0.875 0.875 0.875 0.875 0.875 0.875 0.875 0.875 0.875 0.875 0.875 0.875 0.875 0.875 0.875 0.875 0.875 0.875 0.875 0.875 0.875 0.875 0.875 0.875 0 0 0.05 0 0 0.05 0 0 0.05 0 0 0.05 0 0 0.05 0 0 0.05 0 0 0 0 0 0 3 3 4 2 2 3 3 3 6 3 3 6 3 3 6 3 3 4 3 3 3 3 3 3
"17" 0.875 0.75 0.25 0.875 0.875 0.75 1 0.875 0.875 1 0.875 0.875 1 0.875 0.875 1 0.875 0.875 1 0.875 0.875 1 0.875 0.875 0 0 0 0 0 0 0 0.05 0.05 0 0 0 0 0 0 0 0.05 0.05 0 0.05 0.05 0 0.05 0.05 1 6 8 4 4 5 0 2 3 0 1 1 0 1 1 0 2 2 0 2 2 0 2 2
"18" 0.875 0.875 0.625 1 1 1 1 1 1 1 1 1 1 1 1 1 1 1 1 1 1 1 1 1 0 0 0 0.05 0.15 0.1 0 0 0 0 0 0 0 0 0 0 0.05 0 0 0.05 0 0 0 0 1 4 7 1 4 5 0 0 0 0 1 0 0 1 3 0 1 3 0 4 3 0 3 3
"19" 0.875 0.875 0.875 1 1 1 1 0.875 0.875 0.875 0.875 0.875 1 0.875 0.875 0.875 0.875 0.875 0.875 0.875 0.875 0.875 0.875 0.875 0 0 0 0.1 0.1 0.1 0 0 0 0 0 0 0 0 0 0 0 0 0 0 0 0 0 0 2 5 2 5 5 4 0 3 2 1 3 3 0 2 3 1 2 1 1 2 2 1 2 2
"20" 0.875 0.875 0.75 1 1 1 1 1 1 1 1 1 1 1 1 1 1 1 1 1 1 1 1 1 0 0 0 0 0 0.05 0 0 0 0 0 0 0 0 0 0 0 0 0 0 0 0 0 0 4 4 6 1 1 4 0 3 0 3 3 3 3 3 3 3 3 3 3 3 3 3 3 3
"21" 1 1 1 1 1 1 1 1 1 1 1 1 1 1 1 1 1 1 1 1 1 1 1 1 0 0 0 0.05 0.15 0.1 0 0 0 0 0 0 0 0 0 0 0 0 0 0 0 0 0 0 0 0 0 1 3 2 0 0 0 0 0 0 0 0 0 0 0 0 0 0 0 0 0 0
"22" 0.75 0.625 0.625 0.875 0.875 1 0.875 0.875 0.875 0.875 0.875 0.875 0.875 0.875 0.875 0.875 0.875 0.875 0.875 0.875 0.875 0.875 0.875 0.875 0 0 0 0.05 0.1 0.05 0 0.05 0.05 0 0 0 0 0 0 0 0 0 0 0 0 0 0 0 4 4 6 4 5 4 3 4 4 3 3 3 3 3 3 3 3 3 3 3 3 3 3 3
"23" 1 0.75 0.875 1 1 1 1 1 1 1 1 1 1 1 1 1 1 1 1 1 1 1 1 1 0 0 0 0.05 0.05 0 0 0.05 0 0 0.05 0 0 0.05 0 0 0 0 0 0 0 0 0 0 0 6 1 1 2 1 0 1 0 0 1 0 0 1 0 0 0 0 0 0 0 0 0 0
"24" 0.75 0.75 0.625 0.875 0.875 1 0.875 0.875 0.875 0.875 0.875 0.875 0.875 0.875 0.875 0.875 0.875 0.875 0.875 0.875 0.875 0.875 0.875 0.875 0 0 0 0 0.05 0.15 0 0 0 0 0 0 0 0 0 0 0 0.05 0 0 0.05 0 0 0.05 2 3 6 1 2 4 1 1 1 1 1 1 1 1 1 5 5 6 5 5 6 1 1 6
"25" 1 1 0.5 1 1 1 1 1 1 1 1 1 1 1 1 1 1 1 1 1 1 1 1 1 0 0 0 0.05 0 0.05 0.05 0.05 0.05 0.05 0.05 0 0.05 0.05 0 0 0 0 0 0 0 0 0 0 0 0 7 1 0 2 1 1 2 1 1 1 1 1 1 0 0 0 0 0 0 0 0 0
"26" 0.875 1 0.875 1 1 1 1 1 1 1 1 1 1 1 1 1 1 1 1 1 1 1 1 1 0 0 0 0.05 0.1 0.1 0 0 0 0 0 0 0 0 0 0 0 0 0 0 0 0 0 0 1 0 4 1 3 2 0 0 0 0 0 0 0 0 0 0 0 0 0 0 0 0 0 0
"27" 1 1 0.875 0.875 1 1 1 1 1 1 1 1 1 1 1 1 1 1 1 1 1 1 1 1 0 0 0 0 0 0 0.05 0.05 0.1 0.05 0.05 0.05 0.05 0.05 0 0.05 0.05 0.05 0.05 0.05 0.05 0.05 0.05 0.05 0 3 4 2 2 2 1 1 2 1 1 1 1 1 0 1 1 1 1 1 1 1 1 1
"28" 0.875 0.875 0.75 0.875 0.875 0.625 1 1 1 1 1 1 1 1 1 1 1 1 1 1 1 1 1 1 0.05 0 0.05 0 0 0.1 0.05 0 0.05 0.05 0 0.05 0.05 0 0.05 0 0 0.05 0 0 0.05 0 0 0.05 4 5 6 2 2 5 1 1 1 1 0 6 1 0 6 3 2 3 3 3 3 3 3 3
"29" 1 1 0.875 1 0.875 0.875 1 1 1 1 1 1 1 1 1 1 1 1 1 1 1 1 1 1 0 0 0 0 0.05 0.05 0.05 0.05 0.05 0.05 0.05 0.05 0.05 0.05 0.05 0 0 0 0 0 0 0 0 0 0 0 5 5 6 6 1 1 1 1 1 1 1 1 1 0 0 0 0 0 0 0 0 0
"30" 1 1 0.875 1 0.875 0.875 1 1 1 1 1 1 1 1 1 1 1 1 1 1 1 1 1 1 0 0 0 0 0.05 0.1 0 0 0 0 0 0 0 0 0 0 0 0 0 0 0 0 0 0 2 1 3 0 4 4 0 0 0 0 0 0 0 0 0 0 0 0 0 0 0 0 0 0
"31" 0.625 0.625 0.625 1 1 0.875 0.875 0.875 0.75 0.875 0.75 0.75 0.875 0.75 0.625 0.875 0.875 0.875 0.875 0.875 0.75 0.875 0.875 0.75 0 0 0 0 0.1 0.1 0 0 0 0 0 0 0 0 0 0 0.05 0 0 0 0 0 0 0 4 4 6 1 3 3 2 2 3 2 3 3 2 3 4 2 3 2 2 2 3 2 2 3
"32" 1 1 0.75 1 1 1 1 1 1 1 1 1 1 1 1 1 1 1 1 1 1 1 1 1 0 0 0 0 0 0 0 0 0 0 0 0 0 0 0 0 0 0 0 0 0 0 0 0 0 0 2 3 1 5 0 3 1 0 1 0 0 1 0 0 1 0 0 0 0 0 0 0
"33" 0.75 0.75 0.75 0.875 0.75 0.875 0.875 0.875 0.875 0.875 0.875 0.875 0.875 0.875 0.875 0.875 0.875 0.875 0.875 0.875 0.875 0.875 0.875 0.875 0 0 0 0 0.05 0 0 0 0 0 0 0 0 0 0 0 0 0 0 0 0 0 0 0 3 3 3 2 4 1 3 3 2 3 3 2 3 3 1 3 3 2 3 3 2 3 3 3
"34" 1 1 1 1 1 1 1 1 1 1 1 1 1 1 1 1 1 1 1 1 1 1 1 1 0 0 0 0.05 0.1 0.25 0.1 0.1 0.1 0.1 0.05 0.1 0.1 0.05 0.1 0 0.05 0.05 0 0.05 0.05 0 0 0.05 0 0 0 2 3 8 2 2 2 2 1 2 2 1 2 0 1 1 0 1 1 0 0 1
"35" 0.875 0.875 0.75 1 1 1 1 1 1 1 1 1 1 1 0.875 1 1 0.875 1 1 0.875 1 1 0.875 0 0 0 0 0 0 0 0 0.1 0 0 0.1 0 0 0.05 0 0 0 0 0 0 0 0 0 1 1 5 1 1 0 2 1 4 2 1 4 2 1 2 1 1 1 1 1 1 1 1 1
"36" 1 1 0.875 0.875 1 0.875 1 1 1 1 1 1 1 1 1 1 1 1 1 1 1 1 1 1 0 0 0 0.05 0.05 0.1 0.05 0.05 0.05 0.05 0 0.05 0.05 0 0.05 0 0.05 0.05 0 0 0.05 0 0 0.05 0 0 1 2 1 3 1 1 1 1 0 1 1 0 1 0 1 1 0 0 1 0 0 1
"37" 1 0.75 0.75 0.875 0.875 0.875 1 1 1 1 1 1 1 1 0.875 1 1 0.875 1 1 0.875 1 1 0.875 0 0 0 0.05 0.1 0.1 0 0.05 0 0 0.05 0 0 0.05 0 0 0 0.05 0 0 0.05 0 0 0.05 1 2 3 2 3 4 1 2 1 1 2 1 1 2 2 1 1 3 1 1 3 1 1 3
"38" 1 0.875 0.5 0.75 0.875 0.75 1 1 1 1 1 1 1 1 1 1 1 1 1 1 1 1 1 1 0 0 0.05 0.1 0.05 0.15 0 0.05 0.1 0 0 0.1 0 0 0.05 0 0 0.05 0 0 0 0 0 0 1 1 8 7 6 8 1 2 5 0 1 3 0 1 2 0 1 3 0 1 1 0 1 1
"39" 0.875 0.75 0.75 1 1 0.875 0.875 0.875 0.875 0.875 0.875 0.875 0.875 0.875 0.875 0.875 0.875 0.875 0.875 0.875 0.875 0.875 0.875 0.875 0 0 0 0 0.1 0.1 0.05 0.05 0.1 0 0 0 0 0 0 0 0 0 0 0 0 0 0 0 3 3 3 3 5 5 4 4 5 3 3 3 3 3 3 3 3 3 3 3 3 3 3 3
"40" 0.875 0.875 0.875 0.875 0.875 0.875 0.875 0.875 0.875 0.875 0.875 0.875 0.875 0.875 0.875 0.875 0.875 0.875 0.875 0.875 0.875 0.875 0.875 0.875 0 0 0 0 0 0.05 0.1 0.15 0.1 0.1 0.15 0.1 0.1 0.1 0.05 0 0 0 0 0 0 0 0 0 1 1 1 3 3 4 3 4 3 3 4 3 3 3 2 1 1 1 1 1 1 1 1 1
"41" 1 1 0.75 0.875 1 0.875 1 1 1 1 1 1 1 1 1 1 1 1 1 1 1 1 1 1 0 0 0 0 0.05 0.05 0.05 0.1 0 0.05 0.1 0 0.05 0.1 0 0 0 0 0 0 0 0 0 0 1 1 2 3 3 4 2 3 0 2 3 0 2 3 1 0 0 0 0 0 0 0 0 0
"42" 0.875 0.875 0.625 1 1 1 1 1 1 1 1 1 1 1 1 0.875 1 1 0.875 0.875 1 0.875 0.875 1 0 0 0 0 0 0 0.1 0.05 0.05 0.1 0.05 0.05 0.05 0.05 0.05 0 0 0.05 0 0 0 0 0 0 3 3 6 0 1 1 2 1 1 2 1 1 1 1 1 3 0 1 3 3 0 3 3 0
"43" 0.875 0.875 0.75 0.75 0.75 0.75 1 1 1 1 1 1 1 1 1 1 0.875 0.875 1 0.875 0.875 1 0.875 0.875 0 0 0 0 0 0 0 0 0 0 0 0 0 0 0 0 0.05 0.05 0 0.05 0.05 0 0.05 0.05 1 1 5 2 2 2 1 1 2 1 1 2 1 1 2 0 3 3 0 3 3 0 3 3
"44" 0.875 0.875 0.75 0.875 1 0.875 0.875 0.875 0.875 0.875 0.875 0.875 0.875 0.875 0.875 0.875 0.875 0.875 0.875 0.875 0.875 0.875 0.875 0.875 0 0 0 0 0 0.05 0.1 0.05 0.1 0.1 0.05 0.1 0.1 0.05 0.1 0 0 0 0 0 0 0 0 0 1 1 2 5 5 6 3 2 3 3 2 3 3 2 3 1 1 1 1 1 1 1 1 1
"45" 1 1 0.875 1 1 0.875 1 1 1 1 1 1 1 1 1 1 1 1 1 1 1 1 1 1 0 0 0.05 0.05 0.1 0.15 0 0.1 0 0 0.05 0 0 0.05 0 0 0 0 0 0 0 0 0 0 0 0 4 1 3 5 0 2 0 0 1 0 0 1 0 0 0 0 0 0 0 0 0 3
"46" 0.875 0.625 0.5 1 1 0.875 1 1 1 1 1 1 1 1 1 1 1 1 1 1 1 1 1 1 0 0.05 0 0 0 0 0 0 0.05 0 0 0 0 0 0 0 0 0 0 0 0 0 0 0 4 7 7 3 3 3 3 7 1 3 5 5 3 5 5 3 5 3 3 5 5 3 5 5
"47" 1 1 0.625 0.875 0.875 0.75 1 1 1 1 1 1 1 1 1 1 1 1 1 1 1 1 1 1 0 0 0 0.05 0.05 0 0 0.05 0.1 0 0.05 0.05 0 0.05 0.05 0 0.05 0 0 0 0 0 0 0 0 3 7 3 7 2 0 1 2 0 1 1 0 2 1 0 1 0 0 0 0 0 0 0
"48" 1 1 1 1 1 1 1 1 1 1 1 1 1 1 1 1 1 1 1 1 1 1 1 1 0 0 0 0 0.05 0 0.05 0.05 0.05 0.05 0.05 0.05 0.05 0.05 0.05 0 0 0 0 0 0 0 0 0 1 1 1 0 1 1 2 1 1 2 1 1 2 1 1 1 1 1 1 1 1 1 1 1
"49" 1 1 0.875 1 1 1 1 1 1 1 1 1 1 1 1 1 1 1 1 1 1 1 1 1 0 0 0 0 0.05 0.15 0 0 0 0 0 0 0 0 0 0 0 0 0 0 0 0 0 0 1 0 2 0 1 6 1 1 1 0 1 1 0 1 1 0 0 0 0 0 0 0 0 0
"50" 0.875 0.875 0.5 1 1 1 0.875 0.875 1 0.875 0.875 1 0.875 0.875 1 0.875 0.875 0.875 0.875 0.875 0.875 0.875 0.875 0.875 0 0 0 0.15 0.1 0.15 0.1 0.1 0.05 0.1 0.1 0 0.1 0.1 0.05 0 0 0 0 0 0 0 0 0 1 1 6 4 3 6 3 3 2 3 3 1 3 3 2 1 1 1 1 1 1 1 1 1
"51" 1 0.75 0.625 1 1 0.875 1 0.875 1 1 0.875 1 1 0.875 1 1 1 0.875 1 1 0.875 1 1 0.875 0 0 0 0.05 0.05 0 0 0.1 0.05 0 0 0 0 0 0 0 0 0.05 0 0 0 0 0 0 0 4 5 1 1 1 0 5 1 0 3 0 0 3 0 0 0 7 0 0 5 0 0 3
"52" 1 0.875 0.75 1 1 1 1 1 1 1 1 1 1 1 1 1 1 1 1 1 1 1 1 1 0 0 0 0.05 0.15 0.15 0 0 0 0 0 0 0 0 0 0 0 0 0 0 0 0 0 0 3 3 5 2 6 6 3 3 3 3 3 3 3 3 3 3 3 3 3 3 3 3 3 3
"53" 1 1 0.75 0.875 0.875 0.875 1 1 1 1 1 1 1 1 1 1 1 1 1 1 1 1 1 1 0 0 0 0 0.1 0.15 0 0 0 0 0 0 0 0 0 0 0 0.05 0 0 0 0 0 0 1 1 6 1 4 5 0 0 0 1 0 1 1 0 1 0 0 1 0 0 0 0 0 0
"54" 1 0.75 0.5 0.875 0.875 0.875 1 1 1 1 1 1 1 1 1 1 1 1 1 1 1 1 1 1 0 0 0 0 0 0 0 0.05 0.05 0 0.05 0 0 0.05 0 0 0 0.05 0 0 0 0 0 0 3 5 6 5 5 5 2 2 3 2 3 2 2 3 3 3 3 2 3 3 3 3 3 3
"55" 1 1 1 1 1 0.875 1 1 1 1 1 1 1 1 1 1 1 1 1 1 1 1 1 1 0 0 0 0 0.1 0.2 0 0 0.05 0 0 0 0 0 0 0 0 0.05 0 0 0 0 0 0 1 1 2 0 3 6 1 1 3 1 1 2 1 1 2 1 1 2 1 1 1 1 1 1
"56" 1 1 0.625 1 0.875 1 1 1 1 1 1 1 1 1 1 1 1 1 1 1 1 1 1 1 0 0 0 0.05 0.1 0 0 0 0 0 0 0 0 0 0 0 0 0 0 0 0 0 0 0 1 0 4 1 5 3 0 0 1 0 0 1 0 0 1 0 0 2 0 0 2 0 0 2
"57" 0.875 0.875 0.625 0.875 0.875 0.875 1 1 0.875 1 1 0.875 1 0.875 0.875 1 1 1 1 1 0.875 1 1 0.875 0 0 0 0 0.05 0 0.05 0 0.05 0.05 0 0 0.05 0 0 0.05 0.1 0 0.05 0.1 0 0.05 0 0 5 5 5 3 4 3 1 1 4 1 4 3 1 3 3 1 2 0 1 2 3 1 0 3
"58" 0.875 0.875 0.625 1 1 1 1 0.875 0.875 1 0.875 0.875 1 0.875 0.875 1 1 1 1 0.875 1 1 1 1 0 0 0 0.05 0 0.15 0.1 0.1 0.15 0.1 0.1 0.15 0.1 0.1 0.15 0 0 0 0 0 0 0 0 0 1 1 3 1 0 6 2 3 4 2 3 4 2 3 4 0 0 0 0 1 0 0 0 0
"59" 0.875 0.875 0.875 0.875 0.875 0.875 1 0.875 1 1 0.875 1 1 0.875 1 1 1 1 1 0.875 1 1 0.875 1 0 0 0 0 0 0 0 0 0.05 0 0 0 0 0 0 0 0 0 0 0 0 0 0 0 2 2 2 5 5 5 1 2 2 1 2 1 1 2 1 1 5 1 1 2 1 1 2 1
"60" 1 1 1 0.875 0.875 0.875 1 1 1 1 1 1 1 1 1 1 1 1 1 1 1 1 1 1 0 0 0 0.05 0.1 0.2 0 0 0 0 0 0 0 0 0 0 0 0 0 0 0 0 0 0 3 3 3 3 4 6 1 1 1 1 1 1 1 1 1 0 0 0 0 1 0 0 0 0
"61" 1 0.75 0.75 0.875 0.875 0.625 1 1 1 1 1 1 1 1 1 1 1 1 1 1 1 1 1 1 0 0 0 0.15 0.1 0.2 0 0 0 0 0 0 0 0 0 0 0 0 0 0 0 0 0 0 0 6 6 5 3 9 0 0 0 0 0 0 0 0 0 0 0 0 0 0 0 0 0 0
"62" 1 0.75 0.5 1 1 1 0.875 1 1 0.875 0.875 0.875 0.875 0.875 0.75 1 1 1 1 1 0.875 1 1 0.875 0 0.05 0 0 0.05 0 0 0 0 0 0 0 0 0 0 0 0.1 0 0 0.05 0 0 0 0 0 5 6 0 1 1 1 0 0 1 1 1 1 1 4 0 5 0 0 4 1 0 0 1
"63" 1 1 0.75 1 1 1 1 1 1 1 1 1 1 1 1 1 1 1 1 1 1 1 1 1 0 0 0 0.05 0.05 0 0 0.05 0.1 0 0 0.1 0 0 0.1 0 0 0.05 0 0 0.05 0 0 0 1 1 5 1 2 1 1 4 4 1 2 4 1 1 4 1 1 2 1 1 2 1 1 1
"64" 1 0.875 1 1 1 1 1 1 1 1 1 1 1 1 1 1 1 1 1 1 1 1 1 1 0 0 0 0.05 0.1 0.15 0 0 0 0 0 0 0 0 0 0 0 0.05 0 0 0 0 0 0 3 4 3 1 3 4 0 0 0 0 0 0 0 0 0 0 0 1 0 0 0 0 0 0
"65" 0.75 0.625 0.625 1 1 1 0.75 0.75 0.75 0.75 0.75 0.75 0.75 0.75 0.75 0.75 0.75 0.75 0.75 0.75 0.75 0.75 0.75 0.75 0 0 0 0.05 0 0.05 0 0 0.05 0 0 0 0 0 0 0 0 0 0 0 0 0 0 0 4 4 6 1 1 1 4 4 5 4 4 4 4 4 4 4 4 4 4 4 4 4 4 4
"66" 1 1 0.625 1 1 1 1 1 1 1 1 1 1 1 1 1 1 1 1 1 1 1 1 1 0 0 0 0 0.1 0.1 0 0 0 0 0 0 0 0 0 0 0 0 0 0 0 0 0 0 1 5 6 1 3 5 1 0 0 1 0 1 1 0 1 1 1 1 1 1 1 1 1 1
"67" 1 1 0.875 1 1 0.875 1 0.875 0.875 1 0.875 0.875 1 0.875 0.875 1 0.875 0.875 1 0.875 0.875 0.875 0.875 0.875 0 0 0 0.05 0.15 0.15 0.05 0 0.15 0.05 0 0.15 0.05 0 0.1 0 0 0 0 0 0 0 0 0 0 3 5 2 5 7 1 3 8 1 3 7 1 3 6 0 3 3 0 3 3 3 3 3
"68" 0.875 0.875 0.625 0.875 1 1 1 1 1 1 1 1 1 1 1 0.875 1 1 0.875 1 0.875 0.875 1 0.875 0 0 0 0 0 0 0 0.1 0.1 0 0.1 0.1 0 0.1 0.1 0 0 0 0 0 0 0 0 0 3 3 6 2 2 1 0 2 2 0 2 2 0 2 2 3 0 0 3 0 3 3 0 3
"69" 0.875 0.75 0.75 1 1 1 1 1 1 1 1 0.875 1 0.875 0.875 0.875 1 0.875 0.875 1 0.875 0.875 0.875 0.875 0 0 0 0 0.05 0.05 0 0 0 0 0 0 0 0 0 0 0 0 0 0 0 0 0 0 2 7 7 1 2 2 0 1 1 0 1 2 0 2 2 2 1 2 2 1 2 2 2 2
"70" 0.875 0.875 0.875 0.875 0.875 0.875 1 1 1 1 1 1 1 1 1 1 1 1 1 1 1 0.875 1 1 0.05 0 0.05 0 0 0.15 0.05 0.1 0 0.05 0 0 0.05 0 0 0 0 0 0 0 0 0 0 0 2 1 6 1 1 4 2 2 0 2 0 0 2 0 0 1 1 1 1 1 1 1 1 1
"71" 0.75 0.75 0.5 1 1 1 0.875 0.875 0.75 0.875 0.875 0.75 0.875 0.875 0.75 0.875 0.875 0.875 0.875 0.875 0.75 0.875 0.875 0.75 0 0 0 0.1 0.05 0.1 0 0.05 0.05 0 0.05 0.05 0 0 0.05 0 0 0.05 0 0 0.05 0 0 0 2 3 6 2 1 5 1 2 3 1 2 3 1 1 3 1 1 3 1 1 4 1 1 2
"72" 1 1 0.75 1 1 1 1 1 1 1 1 1 1 1 1 1 1 1 1 1 1 1 1 1 0 0 0 0 0 0 0.05 0 0.15 0.05 0 0 0.05 0 0 0 0 0 0 0 0 0 0 0 0 0 5 0 3 3 5 3 6 4 3 3 4 3 3 3 3 3 3 3 3 3 3 3
"73" 0.875 0.875 0.875 1 1 1 1 1 1 1 1 1 0.875 1 1 0.875 0.875 0.875 0.875 0.875 0.875 0.875 0.875 0.875 0 0 0 0 0 0.1 0 0 0.05 0 0 0.05 0.05 0 0.05 0 0 0 0 0 0 0 0 0 2 5 2 1 1 4 2 2 3 2 2 3 3 2 3 2 2 2 2 2 2 2 2 2
"74" 1 0.875 1 1 1 1 0.875 0.875 1 0.875 0.875 1 0.875 0.875 1 0.875 0.875 1 0.875 0.875 0.875 0.875 0.875 0.875 0 0 0 0.05 0.05 0.05 0 0.05 0 0 0 0 0 0 0 0 0 0 0 0 0 0 0 0 0 2 2 3 3 6 2 3 1 2 2 1 2 2 1 2 2 0 2 2 2 2 2 2
"75" 0.875 1 0.875 1 1 0.875 0.875 0.875 1 0.875 0.875 0.875 0.875 0.875 0.875 0.875 0.875 1 0.875 0.875 0.875 0.875 0.875 0.875 0 0 0.05 0 0 0.05 0 0 0 0 0 0 0 0 0 0 0 0 0 0 0 0 0 0 1 0 3 1 2 3 1 1 0 1 1 1 1 1 1 1 1 0 1 1 1 1 1 1
"76" 1 1 0.875 1 1 1 1 1 1 1 1 1 1 1 1 1 1 1 1 1 1 1 1 1 0 0 0 0 0 0 0 0 0 0 0 0 0 0 0 0 0 0.05 0 0 0.05 0 0 0 0 3 4 0 3 5 0 0 1 0 0 1 0 0 0 0 0 1 0 0 1 0 0 0
"77" 1 1 1 0.875 0.875 0.875 1 1 1 1 1 1 1 1 1 1 1 1 1 1 1 1 1 1 0 0 0 0 0.1 0.1 0 0.05 0 0 0 0 0 0 0 0 0 0 0 0 0 0 0 0 3 3 0 3 5 5 0 1 0 0 0 0 0 0 0 0 0 0 0 0 0 0 0 0
"78" 0.875 0.875 0.875 0.875 1 1 0.875 0.875 0.75 0.875 0.875 0.75 0.875 0.875 0.875 0.875 0.875 0.875 0.875 0.875 0.875 0.875 0.875 0.875 0 0 0 0 0.2 0.15 0 0 0.1 0 0 0.05 0 0 0.05 0 0 0 0 0 0 0 0 0 1 1 1 1 8 5 1 1 7 1 1 6 1 1 2 1 1 1 1 1 1 1 1 1
"79" 1 1 0.875 0.875 0.875 0.875 1 1 1 1 1 1 1 1 1 1 1 1 1 1 1 1 1 1 0 0 0 0.1 0.1 0.25 0.05 0.05 0.05 0.05 0.05 0.05 0.05 0.05 0.05 0 0 0 0 0 0 0 0 0 0 0 1 3 3 7 1 1 1 1 1 1 1 1 1 0 0 0 0 0 0 0 0 0
"80" 0.875 0.875 0.625 1 1 1 0.875 1 0.875 0.875 0.875 0.875 0.875 0.875 0.875 0.875 1 0.875 0.875 0.875 0.875 0.875 0.875 0.875 0 0 0 0 0 0 0.05 0.05 0.05 0.05 0.05 0.05 0.05 0.05 0.05 0 0 0 0 0 0 0 0 0 3 3 6 0 0 0 4 4 4 4 4 4 4 4 4 3 3 3 3 3 3 3 3 3
"81" 1 1 1 1 1 1 1 1 1 1 1 1 1 1 1 1 1 1 1 1 1 1 1 1 0 0 0 0.05 0 0.05 0 0.1 0.05 0 0.05 0.05 0 0.05 0.05 0 0 0 0 0 0 0 0 0 1 1 1 2 1 2 1 3 1 1 3 1 1 3 3 1 1 1 1 1 1 1 1 1
"82" 0.875 0.75 0.75 1 1 1 0.875 1 1 0.875 1 1 0.875 0.875 1 0.875 1 1 0.875 0.875 1 0.875 0.875 0.875 0 0 0 0.05 0 0.1 0 0 0 0 0 0 0 0 0 0 0 0 0 0 0 0 0 0 5 5 5 1 0 3 5 1 1 5 1 2 5 5 2 5 1 0 5 5 0 5 5 3
"83" 1 1 1 1 1 1 1 1 1 1 1 1 1 1 1 1 1 1 1 1 1 1 1 1 0 0 0.05 0 0 0.05 0 0.05 0.1 0 0.05 0 0 0.05 0.05 0 0.05 0 0 0.05 0 0 0 0 3 5 6 0 0 4 3 4 5 3 4 3 3 4 4 3 4 3 3 4 3 3 3 3
"84" 0.875 0.75 0.75 1 1 1 1 0.875 1 0.875 0.875 0.875 0.875 0.875 0.875 0.875 0.875 1 0.875 0.875 1 0.875 0.875 0.875 0 0 0 0.05 0.1 0.1 0.05 0.1 0.15 0.05 0.05 0.05 0.05 0.05 0.05 0 0.05 0 0 0.05 0 0 0.05 0 3 4 4 2 4 4 1 5 3 4 2 4 4 2 4 3 4 0 3 4 0 3 4 3
"85" 1 0.875 0.875 1 1 1 1 1 0.875 1 1 0.875 1 0.875 0.875 1 0.875 0.875 1 0.875 0.875 1 0.875 0.875 0 0 0 0.1 0.05 0.05 0 0.1 0.1 0 0.05 0.1 0 0.05 0.05 0 0 0 0 0 0 0 0 0 1 1 1 2 1 4 1 4 4 1 2 3 1 2 2 1 1 1 1 1 1 1 1 1
"86" 1 1 1 0.875 0.875 0.875 1 1 1 1 1 1 1 1 1 1 1 1 1 1 1 1 1 1 0 0 0 0 0.2 0.1 0 0 0 0 0 0 0 0 0 0 0 0 0 0 0 0 0 0 1 3 3 1 6 6 0 0 0 0 0 0 0 0 0 0 0 0 0 0 0 0 0 0
"87" 0.875 0.625 0.75 1 1 1 0.875 0.875 0.875 0.875 0.875 0.875 0.875 0.875 0.875 0.875 0.875 0.875 0.875 0.875 0.875 0.875 0.875 0.875 0 0 0.05 0.05 0.05 0.05 0 0 0 0 0 0 0 0 0 0 0 0 0 0 0 0 0 0 5 7 7 3 6 6 5 5 5 5 5 5 5 5 5 2 5 2 2 5 2 2 5 5
"88" 0.875 1 0.75 1 1 1 0.875 1 1 1 1 1 0.875 1 1 1 1 1 1 0.875 0.875 1 1 0.875 0 0 0 0 0 0 0 0 0 0 0 0 0 0 0 0 0 0 0 0 0 0 0 0 1 3 4 2 5 2 1 0 0 0 0 0 1 0 0 0 0 3 0 1 4 0 0 4
"89" 0.875 0.875 0.75 1 1 1 0.875 0.875 0.875 0.875 0.875 0.875 0.875 0.875 0.875 0.875 0.875 0.875 0.875 0.875 0.875 0.875 0.875 0.875 0 0 0 0 0 0.1 0 0 0 0 0 0 0 0 0 0 0 0 0 0 0 0 0 0 2 6 2 1 1 5 2 2 2 2 2 2 2 2 2 2 2 2 2 2 2 2 2 2
"90" 0.875 0.625 0.5 1 1 1 0.75 0.75 0.875 0.75 0.75 0.75 0.75 0.75 0.75 0.75 0.75 0.75 0.75 0.75 0.75 0.75 0.75 0.75 0 0 0 0 0 0 0.05 0 0.05 0 0 0.05 0 0 0.05 0 0 0.05 0 0 0 0 0 0 1 6 7 3 0 3 3 2 4 2 2 4 2 2 4 2 2 3 2 2 2 2 2 2
"91" 0.875 1 0.5 1 1 0.875 0.875 0.875 1 0.875 0.875 0.875 0.875 0.875 0.875 0.875 0.875 1 0.875 0.875 0.875 0.875 0.875 0.875 0.05 0 0 0 0 0.05 0 0 0.05 0 0 0 0 0 0 0.05 0 0 0.05 0 0 0.05 0 0 4 3 5 3 3 4 3 4 1 3 4 3 3 4 3 4 3 0 4 3 3 4 3 3
"92" 1 0.875 0.75 0.875 0.875 0.875 1 1 1 1 1 1 1 1 1 1 1 1 1 1 1 1 1 1 0 0 0 0 0 0.05 0 0 0 0 0 0 0 0 0 0 0 0 0 0 0 0 0 0 0 3 6 1 1 5 0 1 1 0 1 0 0 1 0 0 0 0 0 0 0 0 0 0
"93" 0.875 0.875 0.75 0.875 0.875 0.875 1 0.875 0.875 1 0.875 0.875 1 0.875 0.875 0.875 0.875 0.875 0.875 0.875 0.875 0.875 0.875 0.875 0 0 0 0.1 0.15 0.2 0.05 0.05 0.1 0.05 0.05 0 0.05 0.05 0 0 0 0.05 0 0 0.05 0 0 0.05 2 3 5 3 5 9 2 3 4 2 3 2 2 3 2 2 2 3 2 2 3 2 2 3
"94" 1 0.875 0.5 1 1 0.875 1 1 1 1 1 1 1 1 1 1 1 1 1 1 1 1 1 1 0 0 0 0 0.15 0.1 0 0 0.1 0 0 0.1 0 0 0.1 0 0.05 0.05 0 0.05 0.05 0 0.05 0.05 0 1 7 0 4 8 0 0 5 0 0 5 0 0 5 0 2 1 0 2 1 0 2 1
"95" 1 0.625 0.375 1 1 1 1 1 1 1 1 0.875 1 1 0.875 1 1 1 1 1 1 1 1 1 0 0 0 0 0 0 0 0 0 0 0 0 0 0 0 0 0 0 0 0 0 0 0 0 3 3 6 1 1 1 3 3 3 3 3 3 3 3 3 3 3 3 3 3 3 3 3 3
"96" 0.875 0.75 0.375 1 1 1 1 1 0.875 1 1 0.625 1 0.875 0.625 1 1 1 1 1 0.75 1 0.875 0.625 0 0 0 0 0 0 0 0.05 0.05 0 0 0 0 0 0 0 0.05 0.05 0 0 0 0 0 0 3 4 7 0 1 1 2 4 4 2 2 4 2 3 4 1 3 3 2 1 3 2 2 4
"97" 1 1 0.75 1 1 1 1 1 1 1 1 1 1 1 1 1 1 1 1 1 1 1 1 1 0 0 0 0.05 0.1 0.2 0 0 0 0 0 0 0 0 0 0 0 0 0 0 0 0 0 0 3 3 4 2 5 5 0 0 0 0 0 0 0 0 0 3 3 3 3 3 3 3 3 3
"98" 1 1 0.875 1 1 1 1 1 1 1 1 1 1 1 1 1 1 1 1 1 1 1 1 0.875 0 0 0 0.05 0.1 0.05 0 0.05 0.05 0 0.05 0.05 0 0.05 0 0 0 0.05 0 0 0 0 0 0 0 3 3 2 5 2 0 1 3 0 1 3 0 1 0 0 0 1 0 0 0 0 0 3
"99" 0.875 0.75 0.875 1 1 1 1 1 1 1 0.875 0.875 1 1 0.875 1 1 1 1 1 1 1 1 1 0 0 0 0.1 0.05 0.1 0 0.1 0.1 0 0.1 0.1 0 0.05 0.05 0 0 0 0 0 0 0 0 0 1 6 2 2 1 2 0 2 2 0 3 3 0 1 2 0 1 0 0 1 0 0 1 0
"100" 1 0.75 0.5 0.875 0.875 0.875 1 0.875 0.875 1 0.875 0.875 1 0.875 0.875 1 0.875 0.875 1 0.875 0.875 1 0.875 0.875 0 0 0 0.05 0.1 0.05 0 0 0.05 0 0 0 0 0 0 0 0 0 0 0 0 0 0 0 1 7 7 4 5 4 0 2 3 0 2 2 0 2 2 1 2 2 1 2 2 1 2 2
