"V1" "V2" "V3" "V4" "V5" "V6" "V7" "V8" "V9" "V10" "V11" "V12" "V13" "V14" "V15" "V16" "V17" "V18" "V19" "V20" "V21" "V22" "V23" "V24" "V25" "V26" "V27" "V28" "V29" "V30" "V31" "V32" "V33" "V34" "V35" "V36" "V37" "V38" "V39" "V40" "V41" "V42" "V43" "V44" "V45" "V46" "V47" "V48" "V49" "V50" "V51" "V52" "V53" "V54" "V55" "V56" "V57" "V58" "V59" "V60" "V61" "V62" "V63" "V64" "V65" "V66" "V67" "V68" "V69" "V70" "V71" "V72"
"1" 0.875 0.75 0.625 1 1 1 0.875 0.875 0.875 0.875 0.875 0.875 0.875 0.875 0.875 0.875 0.875 0.875 0.875 0.875 0.875 0.875 0.875 0.875 0 0 0 0 0.05 0 0 0 0.05 0 0 0.05 0 0 0.05 0 0 0 0 0 0 0 0 0 2 3 6 1 2 3 1 1 5 2 1 4 2 1 4 2 2 2 2 2 2 2 2 2
"2" 1 0.875 0.375 0.875 0.75 0.75 1 1 1 1 1 1 1 1 1 1 1 0.875 1 1 0.875 1 1 0.875 0 0 0 0 0 0 0 0.05 0.05 0 0 0 0 0 0 0 0 0.1 0 0 0.05 0 0 0.05 0 5 6 3 3 3 0 1 1 0 0 0 0 0 0 0 0 4 0 0 3 0 0 3
"3" 0.75 1 0.625 0.875 0.875 0.75 1 1 0.875 1 0.875 0.875 1 0.875 0.875 0.875 0.875 1 0.875 0.875 0.875 0.875 0.875 0.875 0 0 0 0 0.1 0.05 0.05 0.05 0.05 0.05 0.05 0.05 0.05 0.05 0.05 0 0 0.05 0 0 0.05 0 0 0 4 0 5 5 5 5 1 1 4 1 2 4 1 2 4 1 1 4 1 1 5 1 1 4
"4" 0.875 0.625 0.75 0.875 0.875 0.875 0.875 0.875 0.875 0.875 0.875 0.875 0.875 0.875 0.875 0.875 0.875 0.875 0.875 0.875 0.875 0.875 0.875 0.875 0 0 0 0 0 0 0 0 0 0 0 0 0 0 0 0.05 0 0 0.05 0 0 0 0 0 5 6 5 5 5 5 3 5 3 3 5 3 3 5 3 6 3 3 6 3 3 3 3 3
"5" 0.875 0.875 0.375 0.875 0.875 0.875 0.875 0.875 0.875 0.875 0.875 0.875 0.875 0.875 0.875 0.875 0.875 0.875 0.875 0.875 0.875 0.875 0.875 0.875 0 0 0 0 0.1 0.05 0 0 0 0 0 0 0 0 0 0 0 0 0 0 0 0 0 0 1 2 6 5 7 6 1 1 3 1 1 3 1 1 3 1 1 1 1 1 1 1 1 1
"6" 1 0.625 0.375 0.75 0.75 0.75 1 1 1 1 1 1 1 1 1 1 1 1 1 1 1 1 1 1 0 0 0 0 0 0 0 0.05 0.05 0 0.05 0.05 0 0.05 0.05 0 0 0.05 0 0 0 0 0 0 0 5 8 2 4 6 0 1 1 0 1 1 0 1 1 0 0 1 0 0 0 0 0 0
"7" 0.75 0.75 0.375 1 1 1 0.875 1 1 0.875 1 0.875 0.875 0.875 0.875 1 1 0.875 0.875 1 0.875 0.875 1 0.875 0 0 0 0 0 0 0.05 0 0 0.05 0 0 0.05 0 0 0 0 0 0 0 0.05 0 0 0 4 5 7 0 1 0 3 1 1 3 1 2 3 2 2 0 1 2 2 3 3 2 3 2
"8" 0.75 0.625 0.375 0.75 0.75 0.75 0.875 0.875 0.75 0.875 0.875 0.625 0.875 0.75 0.625 0.75 0.75 0.75 0.75 0.75 0.75 0.75 0.75 0.75 0 0.05 0 0 0 0 0.05 0.05 0.05 0.05 0.05 0.05 0.05 0.05 0.05 0 0 0 0 0 0 0 0 0 4 7 8 3 3 3 2 2 7 3 2 7 3 3 7 2 2 2 2 2 2 2 2 2
"9" 1 1 1 0.875 0.75 1 1 1 1 1 1 1 1 1 1 1 1 1 1 1 1 1 1 1 0 0 0 0 0.1 0.05 0 0 0 0 0 0 0 0 0 0 0 0 0 0 0 0 0 0 0 1 1 2 6 1 0 1 1 0 1 1 0 1 1 0 0 0 0 0 0 0 0 0
"10" 0.875 0.875 0.25 0.875 0.875 0.75 1 1 1 1 1 1 1 1 1 1 1 1 1 1 1 1 1 1 0 0 0 0 0.05 0.05 0 0 0 0 0 0 0 0 0 0 0 0.05 0 0 0.05 0 0 0 3 3 8 4 5 5 1 1 2 1 1 3 1 1 2 1 1 2 1 1 2 1 1 1
"11" 0.875 0.875 0.75 1 1 1 0.875 0.875 0.875 0.875 0.875 0.875 0.875 0.875 0.875 0.875 0.875 0.875 0.875 0.875 0.875 0.875 0.875 0.875 0 0 0 0 0 0 0 0 0 0 0 0 0 0 0 0 0 0 0 0 0 0 0 0 1 1 2 3 3 3 1 1 1 1 1 1 1 1 1 1 1 1 1 1 1 1 1 1
"12" 0.875 0.875 0.625 0.75 0.75 0.875 0.875 0.875 0.875 0.875 0.875 0.875 0.875 0.875 0.875 0.875 0.875 0.875 0.875 0.875 0.875 0.875 0.875 0.875 0 0 0 0.1 0 0 0 0 0.05 0 0 0.05 0 0 0 0 0 0.05 0 0 0.05 0 0 0.05 5 5 6 6 4 4 5 5 6 5 5 6 5 5 5 1 1 6 1 5 6 1 5 6
"13" 0.75 0.75 0.625 1 1 1 0.75 0.75 0.75 0.75 0.75 0.75 0.75 0.75 0.75 0.875 0.875 0.75 0.75 0.75 0.75 0.875 0.875 0.875 0 0 0 0 0 0.05 0 0 0 0 0 0 0 0 0 0 0 0.05 0 0 0.05 0 0 0 4 4 4 3 3 4 4 4 4 4 4 4 4 4 4 3 3 5 4 4 5 3 3 3
"14" 0.875 0.625 0.75 1 1 1 0.875 0.875 0.875 0.875 0.875 0.875 0.875 0.875 0.875 0.875 0.875 0.875 0.875 0.875 0.875 0.875 0.875 0.75 0 0 0 0 0.05 0 0.05 0.05 0.05 0.05 0.05 0 0.05 0.05 0 0.05 0.05 0 0.05 0.05 0 0 0.05 0 5 5 5 1 4 3 6 6 6 6 6 6 6 6 5 6 6 5 6 6 5 5 6 5
"15" 1 0.875 0.75 0.875 0.875 0.875 1 1 1 1 1 1 1 1 1 1 1 1 1 1 1 1 1 1 0 0 0 0 0 0 0 0.05 0.05 0 0.05 0.05 0 0.05 0.05 0 0 0 0 0 0 0 0 0 0 1 4 5 5 5 2 1 2 0 1 2 0 1 2 2 0 0 2 0 0 0 0 0
"16" 1 1 1 1 1 0.875 1 1 1 1 1 1 1 1 1 1 1 1 1 1 1 1 1 1 0 0 0 0 0.05 0.05 0.05 0.05 0.05 0 0.05 0 0 0.05 0 0 0 0 0 0 0 0 0 0 0 0 0 1 2 2 1 1 1 0 1 1 0 1 1 0 0 0 0 0 0 0 0 0
"17" 0.875 0.875 0.75 0.875 0.875 0.75 0.875 0.875 1 0.875 0.875 1 0.875 0.875 0.875 0.875 0.875 0.875 0.875 0.875 0.875 0.875 0.875 0.875 0 0 0 0 0.05 0 0 0 0.05 0 0 0.05 0 0 0.05 0 0 0 0 0 0 0 0 0 1 1 4 1 7 4 1 1 1 1 1 1 1 1 2 1 1 1 1 1 1 1 1 1
"18" 0.875 0.875 0.625 1 1 0.875 1 1 1 1 1 1 1 1 1 1 1 1 1 1 1 1 1 0.875 0 0 0 0 0.05 0.05 0 0 0 0 0 0 0 0 0 0.05 0.05 0 0 0 0 0 0 0 5 5 5 0 1 2 5 5 5 5 5 5 5 5 5 6 6 5 5 5 5 5 5 5
"19" 0.75 0.75 0.375 0.875 0.875 0.75 0.875 0.875 0.875 0.875 0.875 0.875 0.875 0.875 0.875 0.75 0.75 0.75 0.75 0.75 0.75 0.75 0.75 0.75 0 0 0 0 0 0.15 0.05 0.05 0.05 0.05 0.05 0 0.05 0.05 0 0 0 0 0 0 0 0 0 0 5 5 7 1 1 8 4 3 4 4 4 3 6 3 3 5 5 5 5 5 5 5 5 3
"20" 0.875 0.625 0.625 1 1 1 1 0.875 1 1 0.875 1 1 0.875 1 1 0.875 1 1 1 1 1 1 1 0 0 0 0 0 0 0.05 0.05 0 0 0.05 0 0 0.05 0 0 0.05 0 0 0 0 0 0 0 6 6 6 1 1 1 6 6 3 3 6 3 3 6 3 3 6 3 3 3 3 3 3 3
"21" 1 1 1 1 1 1 1 1 1 1 1 1 1 1 1 1 1 1 1 1 1 1 1 1 0 0 0 0 0 0.05 0 0 0 0 0 0 0 0 0 0 0 0 0 0 0 0 0 0 0 0 3 1 0 6 0 0 0 0 0 0 0 0 0 0 0 0 0 0 0 0 0 0
"22" 0.875 0.875 0.875 1 1 0.875 0.875 0.875 0.875 0.875 0.875 0.875 0.875 0.875 0.875 0.875 0.875 0.875 0.875 0.875 0.875 0.875 0.875 0.875 0 0 0 0 0 0 0 0 0 0 0 0 0 0 0 0 0 0 0 0 0 0 0 0 3 3 3 1 1 1 3 3 3 3 3 3 3 3 3 3 3 3 3 3 3 3 3 3
"23" 0.875 0.625 0.5 1 1 0.875 0.875 0.875 0.875 0.875 0.875 0.875 0.875 0.875 0.875 0.875 0.875 0.875 0.875 0.875 0.875 0.875 0.875 0.875 0 0 0 0 0 0 0 0 0 0 0 0 0 0 0 0 0 0 0 0 0 0 0 0 2 6 6 5 5 5 2 5 5 2 5 5 2 5 5 2 5 3 2 5 3 2 5 3
"24" 1 0.875 0.875 0.875 0.875 1 1 1 1 1 1 1 1 1 1 1 1 1 1 1 1 1 1 1 0 0 0 0 0.15 0.1 0 0 0 0 0 0 0 0 0 0 0 0 0 0 0 0 0 0 3 4 4 2 6 5 0 3 3 0 3 3 0 3 3 3 3 3 3 3 3 3 3 3
"25" 0.75 0.75 0.375 1 0.875 1 0.75 0.75 0.875 0.75 0.75 0.875 0.75 0.75 0.875 0.875 0.75 0.75 0.75 0.75 0.75 0.75 0.75 0.75 0 0 0 0 0 0.05 0 0 0 0 0 0 0 0 0 0 0 0 0 0 0 0 0 0 2 2 7 3 2 1 2 2 2 2 2 2 2 2 2 1 2 2 2 2 2 2 2 2
"26" 1 1 0.625 1 0.875 1 1 1 1 1 1 1 1 1 1 1 1 1 1 1 1 1 1 1 0 0 0 0.05 0.15 0.05 0 0 0 0 0 0 0 0 0 0 0 0 0 0 0 0 0 0 0 0 4 1 6 1 0 0 0 0 0 0 0 0 0 0 0 0 0 0 0 0 0 0
"27" 0.625 0.375 0.5 1 1 0.75 0.75 0.75 0.875 0.75 0.75 0.875 0.75 0.75 0.875 0.75 0.875 0.75 0.75 0.625 0.75 0.75 0.625 0.75 0 0 0 0 0 0 0.1 0.05 0.1 0.05 0.05 0 0.05 0.05 0 0 0 0.05 0 0 0 0 0 0 3 7 6 3 3 5 4 5 4 3 5 2 3 5 2 2 4 3 2 6 2 2 6 2
"28" 1 0.75 0.375 0.875 0.875 0.875 1 1 1 1 1 1 1 1 1 1 1 1 1 1 1 1 1 1 0 0 0 0 0 0 0 0 0 0 0 0 0 0 0 0 0 0 0 0 0 0 0 0 1 3 7 7 5 7 1 3 3 1 3 3 1 2 3 1 1 1 1 1 1 1 1 1
"29" 0.875 0.875 0.75 1 1 0.875 0.875 0.875 0.875 0.875 0.875 0.875 0.875 0.875 0.875 0.875 0.875 0.875 0.875 0.875 0.875 0.875 0.875 0.875 0 0 0 0 0 0 0.05 0 0.15 0.05 0 0.05 0.05 0 0.05 0 0 0 0 0 0 0 0 0 1 1 4 3 3 3 2 1 4 2 1 2 2 1 2 1 1 1 1 1 1 1 1 1
"30" 0.875 0.875 0.375 0.875 0.875 0.875 0.875 1 0.875 0.875 1 0.875 0.875 1 0.875 1 1 0.875 1 1 0.875 0.875 1 0.875 0 0 0 0 0 0 0 0.05 0.05 0 0.05 0 0 0 0 0 0 0 0 0 0 0 0 0 1 1 7 3 3 3 1 1 2 1 1 1 1 0 1 0 0 1 0 0 1 1 0 1
"31" 0.75 0.75 0.5 1 1 1 1 1 1 1 1 1 1 1 0.875 1 1 1 1 1 1 1 1 0.875 0 0 0.05 0.05 0 0 0 0 0.05 0 0 0 0 0 0 0 0.1 0.05 0 0.05 0 0 0 0 2 6 7 1 1 0 1 1 4 1 1 1 1 1 2 1 4 2 1 3 1 1 1 2
"32" 0.75 0.625 0.625 0.875 0.75 0.875 0.75 0.75 0.625 0.75 0.75 0.625 0.75 0.75 0.625 0.75 0.75 0.75 0.75 0.75 0.75 0.75 0.75 0.625 0 0 0 0 0.1 0.05 0 0.05 0.05 0 0 0 0 0 0 0 0 0.05 0 0 0 0 0 0 6 6 5 3 6 4 6 7 5 6 6 4 6 6 4 6 6 7 6 6 6 6 6 6
"33" 0.75 0.75 0.25 0.875 0.75 0.625 0.75 0.75 0.75 0.75 0.75 0.75 0.75 0.75 0.75 0.875 0.875 0.75 0.875 0.875 0.75 0.75 0.875 0.75 0 0 0 0.05 0 0 0 0 0.1 0 0 0 0 0 0 0 0 0.1 0 0 0.05 0 0 0.05 4 4 7 5 3 4 4 4 8 4 4 4 4 4 4 1 1 8 1 4 7 4 4 7
"34" 0.75 0.25 0.375 1 1 0.75 1 1 0.875 1 0.875 0.875 0.875 0.75 0.75 1 1 0.875 0.875 0.875 0.875 0.875 0.875 0.875 0 0 0 0.05 0.05 0.05 0 0 0 0 0 0 0 0 0 0 0 0 0 0 0 0 0 0 3 7 7 3 3 3 6 5 5 6 5 5 7 6 6 5 5 5 5 5 5 5 5 5
"35" 0.875 0.875 0.375 1 1 1 0.875 0.875 0.875 0.875 0.875 0.875 0.875 0.875 0.875 0.875 0.875 0.875 0.875 0.875 0.875 0.875 0.875 0.875 0 0 0 0 0.1 0.1 0.05 0.05 0 0.05 0.05 0 0.05 0.05 0 0 0 0 0 0 0 0 0 0 3 3 7 0 3 2 2 4 3 4 4 3 4 4 3 3 3 3 3 3 3 3 3 3
"36" 0.875 0.625 0.875 0.875 0.875 0.875 0.875 0.875 0.875 0.875 0.875 0.875 0.875 0.875 0.875 0.875 0.875 0.875 0.875 0.875 0.875 0.875 0.875 0.875 0 0.05 0 0 0 0 0 0 0 0 0 0 0 0 0 0 0 0 0 0 0 0 0 0 3 5 5 1 1 3 3 3 3 3 3 3 3 3 3 3 3 3 3 3 3 3 3 3
"37" 0.75 0.75 0.5 1 1 1 0.875 0.875 0.875 0.875 0.75 0.75 0.875 0.75 0.75 0.75 0.75 0.875 0.75 0.75 0.75 0.875 0.75 0.875 0 0 0 0.05 0 0.05 0 0 0 0 0 0 0 0 0 0 0 0 0 0 0 0 0 0 5 5 6 4 5 6 1 1 5 1 5 5 1 5 5 5 5 1 5 5 5 1 5 1
"38" 0.875 0.875 0.75 0.875 0.75 0.625 0.875 0.875 0.875 0.875 0.875 0.875 0.875 0.875 0.875 0.875 0.875 0.875 0.875 0.875 0.875 0.875 0.875 0.875 0.05 0 0 0 0 0.05 0.05 0 0.1 0.05 0 0.05 0.05 0.05 0.05 0.05 0.05 0.05 0.05 0 0.05 0.05 0.05 0.05 4 5 4 5 5 7 4 3 5 4 3 4 4 4 4 4 4 4 4 3 4 4 4 4
"39" 0.75 0.75 0.75 1 1 1 0.875 0.875 0.875 0.875 0.75 0.875 0.875 0.75 0.875 0.875 0.75 0.75 0.875 0.75 0.75 0.875 0.75 0.75 0 0 0 0 0.05 0 0 0.1 0.05 0 0 0.05 0 0 0 0 0 0 0 0 0 0 0 0 6 6 6 0 4 1 5 7 7 5 4 7 5 4 6 3 4 6 3 4 6 3 4 6
"40" 0.75 0.75 0.75 0.75 0.75 0.625 0.875 0.875 0.875 0.875 0.875 0.875 0.875 0.875 0.875 0.875 0.875 1 0.875 0.875 0.875 0.875 0.875 0.875 0 0.05 0 0 0 0 0.05 0 0.05 0.05 0 0.05 0.05 0 0.05 0 0 0.05 0 0 0.05 0 0 0.05 4 7 6 7 6 7 5 5 5 5 5 6 5 5 6 3 3 4 3 3 4 3 3 4
"41" 0.875 0.625 0.625 1 0.875 1 0.875 0.875 0.875 0.875 0.875 0.875 0.875 0.875 0.875 0.75 0.75 0.75 0.75 0.75 0.75 0.75 0.75 0.75 0 0 0 0 0.1 0 0.1 0.1 0.1 0.1 0.1 0.1 0.1 0.1 0.1 0 0 0.05 0 0 0.05 0 0.05 0.05 1 5 5 3 5 0 3 3 4 3 3 3 3 3 3 5 5 6 5 5 6 5 6 6
"42" 0.875 0.875 0.625 1 1 0.875 0.875 0.875 0.875 0.875 0.875 0.875 0.875 0.875 0.875 0.875 0.875 0.875 0.875 0.875 0.875 0.875 0.875 0.875 0 0 0 0 0 0.05 0 0 0 0 0 0 0 0 0 0 0 0 0 0 0 0 0 0 1 5 6 1 1 2 1 7 1 1 1 1 1 1 5 1 1 5 1 1 1 1 1 1
"43" 0.625 0.75 0.625 0.875 0.875 0.875 0.875 0.875 0.875 0.875 0.875 0.875 0.875 0.875 0.875 0.875 1 1 0.875 0.875 0.75 0.875 0.875 0.75 0.05 0 0 0 0.05 0.05 0 0 0.05 0 0 0.05 0 0 0.05 0 0 0 0 0 0 0 0 0 5 3 5 5 3 6 3 3 4 3 3 4 3 3 4 3 1 1 3 3 3 3 3 3
"44" 1 0.75 0.625 0.875 0.875 1 1 0.875 0.75 1 0.875 0.75 1 0.875 0.75 1 1 0.875 1 1 0.875 1 1 0.875 0 0 0 0 0.05 0.05 0.05 0.1 0.1 0.05 0.1 0.1 0.05 0.1 0.1 0 0 0 0 0 0 0 0 0 0 2 6 3 4 5 1 4 4 1 4 5 1 4 5 0 0 4 0 0 4 0 0 4
"45" 0.875 0.875 0.625 1 1 1 0.875 1 0.75 0.875 1 0.75 0.875 0.875 0.75 0.875 1 0.875 0.875 1 0.75 0.875 0.875 0.75 0 0 0 0 0.05 0.15 0.05 0.05 0.05 0.05 0.05 0 0.05 0.05 0 0 0 0 0 0 0 0 0 0 1 4 7 1 1 6 2 1 5 2 1 4 2 2 4 1 0 1 1 0 4 1 1 4
"46" 0.875 0.875 0.875 1 1 0.875 0.875 1 1 0.875 1 0.875 0.875 1 0.875 0.875 0.875 0.875 0.875 0.875 0.875 0.875 0.875 0.875 0 0.05 0 0 0.1 0.1 0 0.05 0.1 0 0.05 0.1 0 0.05 0.1 0 0.05 0.05 0 0 0 0 0 0 5 6 5 0 3 4 1 1 2 1 1 3 1 1 3 1 2 2 1 1 1 1 1 1
"47" 1 0.75 1 0.875 0.875 0.875 1 1 1 1 1 1 1 1 1 1 1 1 1 1 1 1 1 1 0 0 0 0 0.05 0.05 0 0.05 0 0 0 0 0 0 0 0 0 0 0 0 0 0 0 0 0 6 0 1 2 7 0 1 0 0 1 0 0 1 0 0 0 0 0 0 0 0 0 0
"48" 0.875 0.75 0.625 0.875 0.875 0.75 0.75 0.75 0.75 0.75 0.75 0.75 0.75 0.75 0.75 0.75 0.75 0.75 0.75 0.75 0.75 0.75 0.75 0.75 0 0 0 0 0.05 0.15 0 0 0 0 0 0 0 0 0 0 0 0 0 0 0 0 0 0 1 2 3 2 4 7 2 2 2 2 2 2 2 2 2 2 2 2 2 2 2 2 2 2
"49" 0.875 0.75 0.75 1 1 1 1 1 1 1 1 1 1 1 1 1 1 1 1 1 1 1 1 1 0 0 0 0 0 0 0 0 0 0 0 0 0 0 0 0 0 0 0 0 0 0 0 0 1 4 6 5 5 5 0 0 0 0 3 0 0 3 0 0 0 0 0 0 0 0 0 0
"50" 0.75 0.625 0.5 0.625 0.625 0.625 1 1 1 1 1 1 1 1 1 1 1 1 1 1 1 1 1 1 0 0 0 0 0 0 0 0 0 0 0 0 0 0 0 0 0 0 0 0 0 0 0 0 6 7 7 4 4 6 5 5 5 5 5 5 5 5 5 5 5 5 5 5 5 5 5 5
"51" 1 1 0.875 1 1 1 1 1 1 1 1 1 1 1 1 1 1 1 1 1 1 1 1 1 0 0 0 0 0 0.05 0 0 0 0 0 0 0 0 0 0 0 0 0 0 0 0 0 0 3 5 6 3 5 6 3 3 1 3 3 3 3 3 3 3 3 3 3 3 3 3 3 3
"52" 0.875 0.625 0.875 0.875 0.875 0.875 0.875 1 0.875 0.875 0.875 0.875 0.875 0.875 0.875 0.875 0.875 0.875 0.875 0.875 0.875 0.875 0.875 0.875 0 0 0 0 0.1 0 0 0.05 0.05 0 0.05 0.05 0 0.05 0.05 0 0 0 0 0 0 0 0 0 3 6 3 1 6 1 3 2 2 3 4 4 3 4 4 3 3 3 3 3 3 3 3 3
"53" 0.75 0.375 0.5 0.875 0.875 0.875 0.75 0.875 0.875 0.75 0.75 0.75 0.75 0.75 0.75 0.875 0.875 0.875 0.75 0.875 0.875 0.75 0.875 0.875 0 0 0 0.1 0 0 0 0 0 0 0 0 0 0 0 0 0 0 0 0 0 0 0 0 6 7 6 7 1 5 6 5 7 6 5 7 6 7 6 6 4 4 6 4 4 6 4 6
"54" 1 1 0.875 0.875 0.875 0.875 1 1 1 1 1 1 1 1 1 1 1 1 1 1 1 1 1 1 0 0 0 0 0 0 0 0 0 0 0 0 0 0 0 0 0 0 0 0 0 0 0 0 3 3 5 3 3 3 3 3 4 3 3 3 3 3 4 3 3 3 3 3 3 3 3 3
"55" 0.875 0.75 0.5 1 1 1 1 1 1 1 1 0.875 1 1 1 1 1 1 1 1 1 1 1 0.875 0 0 0 0 0 0 0 0 0 0 0 0 0 0 0 0 0 0 0 0 0 0 0 0 1 5 6 0 1 0 0 0 1 0 1 1 0 0 1 1 1 1 1 1 1 0 1 3
"56" 1 1 0.375 0.875 0.875 0.875 1 1 1 1 1 1 1 1 1 1 1 1 1 1 1 1 1 1 0 0 0 0 0.1 0.05 0 0 0.05 0 0 0.05 0 0 0 0 0 0 0 0 0 0 0 0 0 5 7 1 6 5 1 1 3 1 1 4 1 3 3 1 1 1 1 1 1 1 1 1
"57" 0.875 0.875 0.75 0.875 0.875 0.5 0.875 1 0.875 0.875 0.875 0.875 0.875 0.875 0.875 0.875 0.875 0.875 0.875 0.875 0.875 0.875 0.875 0.875 0 0 0.05 0.05 0.15 0.2 0 0 0 0 0 0 0 0 0 0.05 0.1 0.1 0.05 0 0 0 0.05 0.05 1 3 6 2 5 9 1 0 1 1 1 1 1 1 1 2 3 3 2 1 3 1 2 4
"58" 0.75 0.75 0.625 0.875 0.875 0.875 1 0.875 1 1 0.75 0.875 1 0.875 0.75 0.875 1 0.75 0.875 0.875 0.75 0.75 1 0.75 0 0 0 0.05 0.05 0.05 0.05 0.05 0.15 0.05 0.05 0.05 0 0.05 0.05 0.05 0 0.05 0 0 0.05 0.05 0 0 4 4 4 4 4 6 4 4 6 4 5 5 3 4 5 4 3 5 3 4 5 5 3 4
"59" 0.875 1 1 0.875 0.875 1 1 1 1 1 1 1 1 1 1 1 1 1 1 1 1 1 1 1 0 0 0 0 0 0.1 0.05 0 0 0 0 0 0 0 0 0 0 0 0 0 0 0 0 0 3 0 1 2 2 7 1 0 0 0 0 0 0 0 0 0 0 0 0 0 0 0 0 0
"60" 0.75 0.5 0.75 1 1 0.875 0.875 0.875 0.875 0.875 0.875 0.875 0.875 0.875 0.875 0.875 0.875 0.875 0.875 0.875 0.875 0.875 0.875 0.875 0 0 0 0 0 0 0 0.05 0 0 0.05 0 0 0.05 0 0 0 0 0 0 0 0 0 0 4 6 4 5 5 5 1 3 1 1 3 1 1 3 1 1 1 1 1 1 1 1 1 1
"61" 0.75 0.75 0.625 0.75 0.75 0.75 0.875 0.875 0.875 0.875 0.875 0.875 0.875 0.875 0.875 0.875 0.875 0.875 0.875 0.875 0.875 0.875 0.875 0.875 0 0 0 0 0 0.05 0 0 0 0 0 0 0 0 0 0 0 0 0 0 0 0 0 0 5 5 6 4 4 5 1 1 1 1 1 1 1 1 1 1 1 1 1 1 1 1 1 1
"62" 0.875 0.625 0.75 1 0.875 0.875 0.75 0.75 0.875 0.75 0.75 0.75 0.75 0.75 0.875 0.75 0.75 0.875 0.75 0.75 0.875 0.75 0.75 0.875 0 0 0 0.05 0.1 0.15 0 0 0.05 0 0 0.05 0 0 0 0 0 0 0 0 0 0 0 0 5 6 5 1 7 5 5 5 6 5 5 6 5 5 5 5 5 5 5 5 5 5 5 5
"63" 1 1 0.625 0.75 0.75 0.875 1 1 1 1 1 1 1 1 0.875 1 1 0.875 1 1 0.875 1 1 0.875 0 0 0.05 0 0.05 0.05 0 0 0 0 0 0 0 0 0.05 0 0 0 0 0 0 0 0 0 0 1 6 2 6 3 0 0 0 0 0 0 0 0 4 0 0 3 0 0 3 0 0 3
"64" 1 0.875 0.5 1 1 1 1 1 1 1 1 1 1 1 1 1 1 1 1 1 1 1 1 1 0 0 0 0 0 0 0 0.1 0 0 0 0 0 0 0 0 0 0 0 0 0 0 0 0 2 2 5 5 2 5 2 7 0 2 2 0 2 2 0 1 1 2 1 2 2 1 2 2
"65" 0.875 1 0.375 0.75 0.75 0.875 1 1 0.875 1 1 0.875 1 1 0.875 1 1 1 1 1 1 1 0.875 1 0 0 0 0 0.05 0.05 0.05 0.05 0.05 0.05 0.05 0.05 0.05 0.05 0.05 0 0 0 0 0 0 0 0 0 2 5 7 5 6 6 2 2 2 2 2 2 2 2 2 1 1 0 1 1 0 1 5 0
"66" 0.75 0.625 0 0.875 0.875 0.875 0.875 0.875 0.875 0.875 0.875 0.875 0.875 0.875 0.875 0.875 0.875 0.875 0.875 0.875 0.875 0.875 0.875 0.875 0 0 0 0 0 0.05 0.05 0 0 0 0 0 0 0 0 0 0.05 0.1 0 0.05 0.1 0 0.05 0 3 6 8 3 3 4 6 3 4 3 3 4 3 3 3 3 6 8 3 6 8 3 4 3
"67" 0.875 0.75 0.75 0.75 0.75 0.75 0.75 0.875 0.875 0.75 0.75 0.75 0.75 0.75 0.75 0.875 0.875 0.875 0.75 0.75 0.875 0.75 0.75 0.875 0.05 0 0 0.05 0.1 0.05 0 0 0 0 0 0 0 0 0 0 0 0 0 0 0 0 0 0 4 5 3 5 5 5 3 3 3 3 3 5 3 3 3 3 1 3 3 3 3 3 3 3
"68" 1 1 0.625 0.75 0.75 0.75 1 1 1 1 1 1 1 1 1 1 1 1 1 1 1 1 1 1 0 0 0 0 0.05 0.1 0 0 0 0 0 0 0 0 0 0 0 0 0 0 0 0 0 0 3 3 6 3 4 6 3 4 1 3 4 1 3 4 1 3 3 3 3 3 3 3 3 3
"69" 1 0.875 0.75 0.875 0.875 1 1 1 1 1 1 0.875 1 1 0.875 1 1 1 1 1 1 1 1 0.875 0 0 0 0 0 0 0 0.05 0.05 0 0 0.05 0 0.05 0 0 0 0 0 0 0 0 0 0 0 4 6 2 2 1 0 1 2 0 0 3 0 1 2 0 0 0 0 0 0 0 0 1
"70" 0.75 0.625 0.5 0.875 0.875 0.625 0.75 0.75 0.75 0.75 0.75 0.75 0.75 0.75 0.75 0.875 0.875 0.875 0.75 0.875 0.875 0.75 0.875 0.75 0 0 0 0 0 0.1 0.05 0.1 0.15 0.05 0.1 0.15 0.05 0.05 0.15 0 0 0.05 0 0 0 0 0 0.05 5 6 7 3 3 6 6 7 8 6 7 8 6 6 8 5 5 6 5 5 5 5 5 6
"71" 0.875 0.875 0.75 1 0.875 0.875 1 0.875 1 1 0.875 1 1 1 0.875 1 1 0.875 1 1 0.875 1 1 0.75 0 0 0 0 0 0 0.05 0.1 0.05 0.05 0.1 0 0.05 0.05 0 0 0 0.05 0 0 0.05 0 0 0.05 1 2 5 3 3 3 1 7 4 1 7 3 1 2 3 1 1 6 1 1 6 1 1 6
"72" 0.875 0.625 0.5 0.75 0.75 0.625 0.875 0.875 0.875 0.875 0.875 0.875 0.875 0.875 0.875 0.875 0.875 0.875 0.875 0.875 0.875 0.875 0.875 0.875 0 0 0 0.1 0.1 0.1 0 0 0 0 0 0 0 0 0 0 0 0 0 0 0 0 0 0 2 3 6 4 7 7 2 2 2 2 2 2 2 2 2 2 2 2 2 2 2 2 2 2
"73" 0.875 0.875 0.875 0.75 0.875 0.875 0.875 0.875 0.875 0.875 0.875 0.875 0.875 0.875 0.875 1 1 1 1 0.875 0.875 1 1 0.875 0 0 0 0 0.05 0.05 0.05 0.05 0.05 0.05 0.05 0.05 0.05 0.05 0.05 0 0 0 0 0 0 0 0 0 5 5 5 5 2 2 4 4 4 4 4 4 4 4 4 1 5 1 1 5 5 1 5 5
"74" 0.875 0.625 0.625 0.875 0.875 0.875 0.875 0.875 0.875 0.875 0.875 0.875 0.875 0.875 0.875 0.875 1 1 0.875 1 1 0.875 0.875 0.875 0.05 0 0 0 0.1 0.05 0 0.05 0 0 0 0 0 0 0 0 0 0 0 0 0 0 0 0 6 6 6 6 8 7 5 6 3 5 5 5 5 5 5 5 5 6 5 5 6 5 5 5
"75" 0.875 0.875 0.875 0.875 0.875 0.625 1 1 1 1 1 1 1 1 0.875 1 1 1 1 1 1 1 1 1 0 0 0 0 0 0.05 0 0.05 0.05 0 0.05 0.05 0 0.05 0.05 0 0 0 0 0 0 0 0 0 3 3 3 5 5 6 3 6 4 3 6 4 3 6 4 3 3 3 3 3 3 3 3 3
"76" 0.625 0.625 0.5 0.875 0.875 0.875 0.875 0.875 0.875 0.875 0.75 0.875 0.75 0.75 0.875 0.875 0.875 0.875 0.75 0.75 0.875 0.875 0.75 0.75 0 0 0 0.05 0.05 0 0.05 0.05 0.05 0.05 0.05 0.05 0.1 0 0 0.05 0.05 0.1 0.05 0.05 0.05 0.05 0.05 0 7 6 7 2 2 3 6 7 4 6 7 4 8 6 1 6 7 3 7 7 2 6 7 2
"77" 0.875 0.75 0.875 0.875 0.875 0.75 1 0.875 0.875 0.875 0.875 0.875 0.875 0.875 0.875 0.875 0.875 0.875 0.875 0.875 0.875 0.875 0.875 0.875 0 0 0 0.05 0 0.05 0 0 0 0 0 0 0 0 0 0 0 0 0 0 0 0 0 0 2 3 2 3 2 7 2 3 2 2 3 2 2 3 2 2 2 2 2 2 2 2 2 2
"78" 0.625 0.75 0.625 1 1 0.875 0.875 0.875 0.875 0.875 0.875 0.875 0.875 0.875 0.875 0.875 0.875 0.75 0.875 0.875 0.75 0.875 0.875 0.75 0 0 0 0 0 0.05 0 0 0 0 0 0 0 0 0 0 0 0.05 0 0 0.05 0 0 0 5 5 5 0 0 4 5 5 3 5 5 3 5 5 1 1 5 3 1 5 3 1 5 2
"79" 0.625 0.75 0.5 1 1 1 0.75 0.75 0.75 0.75 0.75 0.75 0.75 0.75 0.75 0.875 0.875 0.875 0.75 0.875 0.75 0.75 0.875 0.875 0 0 0 0 0.05 0.05 0.05 0.05 0.05 0.05 0.05 0.05 0.05 0.05 0.05 0 0 0.05 0 0 0 0 0 0 5 4 6 2 6 6 5 5 5 5 5 5 5 5 5 3 3 4 4 3 4 4 3 3
"80" 0.875 0.75 0.625 0.875 0.875 0.875 0.875 0.875 0.875 0.875 0.875 0.875 0.875 0.875 0.875 0.875 0.875 0.875 0.875 0.875 0.75 0.875 0.75 0.75 0 0 0 0 0 0 0 0 0 0 0 0 0 0 0 0 0 0 0 0 0 0 0 0 1 4 4 3 5 5 1 1 1 1 1 1 1 1 1 1 1 1 1 1 3 1 3 3
"81" 0.875 0.875 0.625 1 0.875 0.875 0.875 0.875 0.875 0.875 0.875 0.875 0.875 0.875 0.875 0.875 0.875 0.875 0.875 0.875 0.875 0.875 0.875 0.875 0 0 0 0 0.05 0.05 0 0 0 0 0 0 0 0 0 0 0 0 0 0 0 0 0 0 3 3 5 1 3 3 3 3 3 3 3 3 3 3 3 3 3 3 3 3 3 3 3 3
"82" 0.875 0.75 0 0.875 0.875 1 0.875 0.875 0.875 0.875 0.875 0.875 0.875 0.875 0.875 0.875 0.875 0.875 0.875 0.875 0.875 0.875 0.875 0.875 0 0 0 0 0 0 0 0.05 0 0 0.05 0 0 0.05 0 0 0 0.1 0 0 0 0 0 0 5 5 8 1 2 1 5 6 2 5 6 2 5 6 2 5 5 5 5 5 2 5 5 2
"83" 1 1 0.875 0.875 1 0.875 1 1 1 1 1 1 1 1 1 1 1 0.875 1 1 0.875 1 1 0.875 0 0 0 0.1 0 0.15 0 0 0 0 0 0 0 0 0 0 0 0.05 0 0 0.05 0 0 0 3 3 5 4 0 5 3 3 3 3 3 3 3 3 3 3 3 8 3 3 6 3 3 5
"84" 0.75 0.75 0.5 0.875 0.75 0.875 1 1 1 1 1 1 1 1 0.875 1 1 1 0.875 1 0.875 0.875 1 0.875 0 0 0 0 0.2 0.05 0 0 0 0 0 0 0 0 0 0 0 0 0 0 0 0 0 0 6 5 7 2 9 3 5 5 5 5 5 5 5 5 5 5 5 5 5 5 5 5 5 5
"85" 1 1 0.875 0.875 0.875 0.875 1 1 1 1 1 1 1 1 1 1 1 1 1 1 1 1 1 1 0 0 0 0.05 0 0.05 0 0 0 0 0 0 0 0 0 0 0 0 0 0 0 0 0 0 3 3 3 2 2 6 0 0 0 0 0 0 3 0 0 0 0 0 3 0 0 3 0 0
"86" 1 1 0.625 0.75 0.75 0.75 1 1 1 1 1 1 1 1 1 1 1 1 1 1 1 1 1 1 0 0 0 0 0 0 0.05 0.05 0.05 0.05 0.05 0.05 0.05 0.05 0.05 0 0 0 0 0 0 0 0 0 1 1 6 3 3 3 1 1 1 1 1 1 1 1 1 0 0 3 0 0 3 0 0 0
"87" 0.875 0.75 0.875 0.875 0.875 0.875 1 0.875 0.875 1 0.875 0.875 1 0.875 0.875 1 0.875 1 1 0.875 0.875 1 0.875 1 0 0 0 0 0 0 0 0 0 0 0 0 0 0 0 0 0 0 0 0 0 0 0 0 4 4 4 5 3 5 3 4 4 3 4 4 3 4 4 3 4 3 3 4 4 3 4 3
"88" 0.875 0.75 0.75 1 1 1 0.875 1 0.875 0.875 1 0.875 0.875 0.875 0.875 0.875 0.875 0.875 0.875 0.875 0.875 0.875 0.875 0.875 0 0 0 0 0 0.1 0.05 0.05 0.1 0.05 0.05 0 0.05 0.05 0 0 0 0 0 0 0 0 0 0 5 5 5 0 1 3 4 4 5 4 4 3 4 4 3 3 3 3 3 3 5 3 3 5
"89" 0.875 0.5 0.25 0.875 0.875 0.75 0.875 0.875 0.875 0.875 0.75 0.875 0.875 0.75 0.875 0.875 0.875 0.875 0.875 0.875 0.875 0.875 0.875 0.875 0 0.05 0 0 0 0 0 0.05 0.05 0 0 0.05 0 0 0 0 0.05 0 0 0 0 0 0 0 5 8 7 2 2 4 2 4 4 2 3 3 2 3 2 2 6 6 2 5 6 2 5 6
"90" 0.875 0.875 0.875 0.875 0.875 1 0.875 0.875 0.875 0.875 0.875 0.875 0.875 0.875 0.875 0.875 0.875 0.875 0.875 0.875 0.875 0.875 0.875 0.875 0 0 0 0 0 0 0 0 0 0 0 0 0 0 0 0 0 0 0 0 0 0 0 0 2 2 2 2 2 5 2 2 2 2 2 2 2 2 2 2 2 2 2 2 2 2 2 2
"91" 0.875 0.75 0.75 1 0.875 1 0.875 0.875 0.875 0.875 0.875 0.875 0.875 0.875 0.875 0.875 0.875 0.875 0.875 0.875 0.875 0.875 0.875 0.875 0 0 0 0 0 0 0 0 0 0 0 0 0 0 0 0 0 0 0 0 0 0 0 0 1 4 4 1 3 1 1 1 1 1 1 1 1 1 1 1 1 1 1 1 1 1 1 1
"92" 0.75 0.5 0.5 1 1 0.875 0.875 0.875 0.875 0.875 0.75 0.875 0.875 0.75 0.875 0.875 0.75 0.875 0.875 0.75 0.75 0.875 0.75 0.75 0 0 0 0 0.05 0.05 0 0 0 0 0 0 0 0 0 0 0 0 0 0 0 0 0 0 5 6 6 0 1 4 5 5 5 5 5 5 5 5 5 3 5 5 5 5 5 5 5 5
"93" 0.875 0.75 0.5 1 1 0.875 0.875 0.875 0.875 0.875 0.875 0.875 0.875 0.875 0.875 0.875 0.75 0.75 0.875 0.75 0.75 0.875 0.75 0.75 0 0 0 0 0.1 0.1 0 0 0.1 0 0 0.1 0 0 0.1 0 0 0.05 0 0 0.05 0 0 0.05 5 5 6 2 5 7 3 3 5 3 3 5 3 3 5 3 5 6 3 5 6 3 5 6
"94" 0.5 0.75 0.25 1 1 1 1 0.875 0.875 0.75 0.75 0.625 0.875 0.75 0.75 0.875 0.875 0.625 0.875 0.75 0.75 0.75 0.75 0.5 0.05 0 0 0 0 0.05 0 0 0.05 0 0 0 0 0 0 0.05 0.05 0.1 0.05 0.05 0.05 0 0 0 9 6 8 1 1 4 3 4 2 5 5 3 4 5 2 7 7 9 7 8 6 5 5 6
"95" 0.75 0.625 0.625 0.75 0.75 0.75 0.875 0.75 0.875 0.75 0.75 0.75 0.75 0.75 0.75 0.875 0.75 0.875 0.75 0.75 0.875 0.75 0.75 0.875 0 0.05 0 0 0 0.05 0 0 0 0 0 0 0 0 0 0 0 0 0 0 0 0 0 0 5 6 5 6 6 5 5 5 5 5 5 5 5 5 5 5 5 5 5 5 5 5 5 5
"96" 0.875 0.75 0.625 1 1 1 0.875 0.875 0.875 0.875 0.875 0.875 0.875 0.875 0.875 0.875 0.875 0.875 0.875 0.875 0.875 0.875 0.875 0.875 0 0 0 0 0 0 0 0 0.05 0 0 0 0 0 0 0 0 0 0 0 0 0 0 0 1 4 5 3 3 3 1 1 2 1 1 1 1 1 1 1 1 1 1 1 1 1 1 4
"97" 0.75 0.75 0.5 0.75 0.75 0.875 0.875 0.75 0.875 0.75 0.75 0.875 0.75 0.75 0.875 0.75 0.75 0.75 0.75 0.75 0.75 0.75 0.75 0.75 0 0 0 0 0 0 0 0.05 0.1 0 0 0.05 0 0 0.05 0 0 0 0 0 0 0 0 0 2 6 7 4 4 6 1 3 6 2 2 4 2 2 4 2 2 2 2 2 2 2 2 2
"98" 1 1 0.75 0.875 0.875 0.75 1 1 1 1 1 1 1 1 1 1 1 1 1 1 1 1 1 1 0 0 0 0 0.05 0.05 0 0 0 0 0 0 0 0 0 0 0 0 0 0 0 0 0 0 1 2 2 5 6 7 1 1 1 1 1 1 1 1 1 1 1 1 1 1 1 1 1 1
"99" 0.875 0.875 0.5 0.75 0.5 0.875 1 1 1 1 1 1 1 1 1 0.875 0.875 1 0.875 0.875 0.875 0.875 0.875 0.875 0 0 0 0 0.05 0 0 0 0 0 0 0 0 0 0 0 0 0 0 0 0 0 0 0 3 5 6 6 7 6 2 2 2 2 2 2 2 2 2 2 2 2 2 2 2 2 2 5
"100" 0.75 0.625 0.625 1 0.875 0.875 0.875 0.875 0.875 0.875 0.875 0.875 0.875 0.875 0.75 0.875 1 0.875 0.875 0.875 0.875 0.875 0.875 0.75 0 0 0 0.05 0.1 0.1 0 0 0 0 0 0 0 0 0 0 0 0 0 0 0 0 0 0 4 4 4 2 5 4 1 1 1 1 4 4 1 4 4 1 3 2 1 4 2 1 4 4
