"V1" "V2" "V3" "V4" "V5" "V6" "V7" "V8" "V9" "V10" "V11" "V12" "V13" "V14" "V15" "V16" "V17" "V18" "V19" "V20" "V21" "V22" "V23" "V24" "V25" "V26" "V27" "V28" "V29" "V30" "V31" "V32" "V33" "V34" "V35" "V36" "V37" "V38" "V39" "V40" "V41" "V42" "V43" "V44" "V45" "V46" "V47" "V48" "V49" "V50" "V51" "V52" "V53" "V54" "V55" "V56" "V57" "V58" "V59" "V60" "V61" "V62" "V63" "V64" "V65" "V66" "V67" "V68" "V69" "V70" "V71" "V72"
"1" 1 0.875 0.375 1 1 1 1 1 1 1 1 1 1 1 1 1 1 1 1 1 1 1 1 1 0 0 0 0 0.1 0 0.05 0 0 0 0 0 0 0 0 0 0 0.05 0 0 0 0 0 0 5 5 6 0 2 3 1 3 3 1 3 5 1 3 3 1 0 4 1 0 3 1 0 3
"2" 1 1 0.75 0.875 1 0.875 1 1 1 1 1 1 1 1 1 1 1 1 1 1 1 1 1 1 0 0 0 0.05 0.15 0 0 0.05 0 0 0 0 0 0 0 0 0.05 0 0 0 0 0 0.05 0 0 1 6 3 6 2 0 1 0 0 0 0 0 0 0 0 1 0 0 0 0 0 1 0
"3" 1 1 0.75 1 1 1 1 1 1 1 1 1 1 1 1 1 1 1 1 1 1 1 1 1 0 0 0 0 0.05 0.2 0 0 0.05 0 0 0 0 0 0 0 0.05 0 0 0.05 0 0 0 0 1 3 5 0 1 6 0 0 2 0 0 0 0 0 0 0 4 1 0 4 0 0 0 0
"4" 0.875 0.75 0.625 1 1 0.875 0.875 0.875 0.875 0.875 0.875 0.875 0.875 0.875 0.875 1 0.875 0.875 1 0.875 0.875 0.875 0.875 0.875 0.05 0 0 0.05 0 0.05 0 0 0.1 0 0 0 0 0 0 0 0 0 0 0 0 0 0 0 6 6 6 6 1 6 3 3 4 3 5 5 3 5 3 3 3 3 3 3 3 3 3 3
"5" 1 1 0.625 1 1 1 1 1 1 1 1 1 1 1 1 1 1 1 1 1 1 1 1 1 0 0 0 0.05 0.05 0.05 0 0.05 0.05 0 0.05 0 0 0.05 0 0 0 0 0 0 0 0 0 0 0 0 6 1 2 6 0 1 3 0 1 1 0 1 1 0 0 0 0 0 0 0 0 0
"6" 1 0.875 0.125 0.875 0.875 0.875 1 1 1 1 1 1 1 1 1 1 1 1 1 1 1 1 1 1 0 0 0 0.15 0.05 0.05 0 0.05 0.1 0 0 0 0 0 0 0 0 0.05 0 0 0 0 0 0 1 1 7 4 2 2 0 2 2 0 1 1 0 1 0 0 0 1 0 1 0 0 1 0
"7" 1 0.875 0.25 1 1 1 1 1 1 1 1 0.875 1 1 0.875 1 1 1 1 1 1 1 1 1 0 0 0 0.1 0.1 0.05 0 0.05 0.05 0 0 0 0 0 0 0 0 0.05 0 0 0 0 0 0 0 3 8 2 2 2 0 2 2 0 0 3 0 0 3 0 0 1 0 0 0 0 0 0
"8" 0.875 0.75 0.625 0.75 0.75 0.625 1 0.875 0.875 1 0.875 0.875 1 0.875 0.875 1 1 1 1 1 0.875 1 1 1 0 0 0 0.15 0.1 0.15 0 0.05 0 0 0 0 0 0 0 0 0.05 0.05 0 0 0 0 0 0 1 2 6 9 7 9 1 5 1 1 1 1 1 1 1 1 1 4 1 0 1 1 0 0
"9" 0.75 0.75 0.5 1 1 0.875 0.875 0.875 0.875 0.875 0.75 0.75 0.875 0.75 0.75 0.875 0.875 0.875 0.875 0.875 0.875 0.875 0.875 0.875 0 0 0 0 0.05 0 0 0.1 0.05 0 0.05 0 0 0.05 0 0 0 0 0 0 0 0 0 0 5 5 6 3 6 5 1 4 2 1 6 5 1 6 5 1 1 1 1 1 1 1 1 1
"10" 1 0.875 0.5 1 1 1 1 0.875 0.875 1 0.875 0.75 1 0.875 0.75 1 0.875 1 1 0.875 1 1 0.875 1 0 0 0 0.1 0 0.05 0 0.05 0.05 0 0 0.05 0 0 0.05 0 0 0.05 0 0 0.05 0 0 0.05 1 2 5 3 1 2 1 3 3 1 2 4 1 2 4 1 2 2 1 2 2 1 2 2
"11" 0.75 0.625 0.5 1 1 1 1 1 1 1 0.875 0.875 1 0.875 0.875 1 1 1 1 0.875 0.875 1 0.875 0.875 0 0 0 0.15 0.05 0.2 0 0.05 0.05 0 0 0 0.05 0 0 0.05 0 0.05 0.05 0 0 0.05 0 0 5 5 5 5 2 4 1 2 2 1 1 1 2 1 1 2 1 2 2 1 1 2 1 1
"12" 0.875 0.75 0 1 1 1 0.875 0.875 0.875 0.875 0.875 0.875 0.875 0.875 0.875 0.875 0.875 0.875 0.875 0.875 0.875 0.875 0.875 0.875 0 0 0 0.05 0.15 0.05 0 0.05 0.05 0 0 0.05 0 0 0 0 0 0 0 0 0 0 0 0 3 3 8 1 4 1 3 4 4 3 3 4 3 3 3 3 3 3 3 3 3 3 3 3
"13" 0.875 0.75 0.75 1 0.875 0.875 1 1 0.875 1 1 0.875 1 1 0.75 1 1 0.75 1 1 0.75 1 1 0.75 0 0 0 0 0.1 0.2 0 0 0 0 0 0 0 0 0 0 0 0 0 0 0 0 0 0 2 6 3 0 7 8 0 1 2 0 3 2 0 3 3 0 1 3 0 0 3 0 0 3
"14" 1 0.75 0.5 1 1 1 1 1 1 1 1 1 1 1 1 1 1 1 1 1 1 1 1 1 0 0 0 0.05 0.1 0.1 0 0 0.05 0 0 0 0 0 0 0 0.05 0.05 0 0.05 0 0 0.05 0 0 6 6 2 5 6 0 0 3 0 0 0 0 0 0 0 1 1 0 1 0 0 1 0
"15" 1 0.875 0.5 1 1 1 1 1 1 1 1 1 1 1 1 1 1 1 1 1 1 1 1 1 0 0 0 0.15 0.05 0.15 0 0 0 0 0 0 0 0 0 0 0 0 0 0 0 0 0 0 0 1 4 4 1 5 0 0 0 0 0 0 0 0 0 0 0 0 0 0 0 0 0 0
"16" 0.75 0.5 0 1 1 0.875 1 1 0.875 1 1 0.875 1 1 0.75 1 1 0.875 1 1 0.875 1 1 0.875 0 0 0 0 0 0.05 0.05 0 0.15 0 0 0.05 0 0 0.05 0 0 0.1 0 0 0.05 0 0 0 2 4 8 1 1 6 3 1 8 2 2 3 2 2 4 2 1 6 2 2 3 2 2 2
"17" 0.875 0.625 0.75 1 1 1 1 0.875 0.875 0.875 0.75 0.875 1 0.75 0.875 1 0.875 1 1 0.875 0.875 1 0.875 0.875 0 0 0 0 0 0.05 0.05 0 0.05 0.05 0 0.05 0.05 0 0 0 0 0 0 0 0 0 0 0 5 5 5 1 1 2 2 2 5 4 5 5 2 5 2 0 3 0 0 3 2 0 3 2
"18" 0.875 0.75 0.25 0.875 1 0.875 1 1 0.875 1 1 0.875 1 1 0.875 1 1 0.875 1 1 0.75 1 1 0.75 0 0 0 0 0 0 0.05 0 0.05 0 0 0 0 0 0 0 0 0.1 0 0 0.05 0 0 0.05 1 6 7 1 0 4 1 0 3 0 0 2 0 0 2 0 0 4 0 0 5 0 0 5
"19" 0.875 0.75 0.375 0.875 0.875 0.875 1 0.875 0.875 0.875 0.875 0.875 0.875 0.875 0.875 0.875 0.875 0.875 0.875 0.875 0.875 0.875 0.875 0.875 0 0 0 0 0.05 0.05 0 0.05 0 0 0 0 0 0 0 0 0 0.05 0 0 0.05 0 0 0.05 1 2 8 3 6 6 0 2 2 1 1 2 1 1 2 1 1 2 1 1 2 1 1 2
"20" 1 0.625 0.375 1 0.875 0.875 1 1 1 1 1 0.875 1 1 0.875 1 1 1 1 1 1 1 1 1 0 0 0 0.05 0 0.1 0 0 0.05 0 0 0.05 0 0 0.05 0 0 0.1 0 0 0 0 0 0 0 6 6 1 1 6 0 1 1 0 1 4 0 1 4 0 0 3 0 0 1 0 0 1
"21" 0.875 0.75 0.625 1 1 0.875 0.875 0.875 0.875 0.875 0.875 0.75 0.875 0.75 0.75 0.875 1 0.75 0.875 0.875 0.75 0.875 0.875 0.75 0 0 0 0.05 0 0.15 0 0 0.05 0 0 0.05 0 0 0.05 0 0 0.05 0 0 0 0 0 0 5 5 5 1 0 8 5 5 9 5 5 6 5 5 6 5 5 6 5 5 5 5 5 5
"22" 1 1 0 1 1 1 1 1 1 1 1 1 1 1 1 1 1 1 1 1 1 1 1 1 0 0 0 0 0 0 0 0.05 0.1 0 0 0.1 0 0 0.05 0 0 0 0 0 0 0 0 0 0 1 8 0 0 3 0 1 4 0 0 3 0 0 1 0 0 0 0 0 0 0 0 0
"23" 0.875 0.875 0.375 1 1 1 1 1 1 1 0.875 1 1 0.875 1 1 1 1 1 1 1 1 1 1 0.05 0.05 0 0 0 0 0.05 0 0 0 0.1 0 0 0.1 0 0 0 0.05 0 0 0 0 0 0 3 3 5 2 1 2 1 0 1 0 4 1 0 4 1 0 0 2 0 0 1 0 0 1
"24" 0.875 0.75 0.25 0.875 1 0.875 0.875 0.875 0.75 0.875 0.875 0.75 0.875 0.875 0.75 0.875 0.875 0.75 0.875 0.875 0.75 0.875 0.875 0.75 0 0 0.05 0.1 0.1 0.1 0.05 0.05 0 0.05 0 0 0.05 0 0 0 0 0.1 0 0 0 0 0 0 1 2 8 7 7 7 2 2 2 2 1 2 2 1 2 1 1 4 1 1 2 1 1 2
"25" 1 0.75 0.25 1 1 0.75 1 1 1 1 1 1 1 1 1 1 1 1 1 1 1 1 1 1 0 0 0 0 0.05 0.1 0 0 0.05 0 0 0 0 0 0 0 0 0.05 0 0 0.05 0 0 0 5 5 7 0 1 4 3 1 4 3 3 5 3 3 5 5 5 6 5 5 6 5 5 5
"26" 0.875 0.75 0.75 0.875 1 0.875 1 1 1 1 1 1 1 1 1 1 1 1 1 1 0.875 1 1 0.875 0 0 0 0 0.05 0.05 0.05 0 0.05 0.05 0 0 0.05 0 0 0 0 0 0 0 0 0 0 0 3 5 5 2 2 6 4 3 2 4 3 0 4 3 0 3 3 3 3 3 5 3 3 5
"27" 1 0.375 0.125 1 1 1 1 1 0.875 1 0.875 0.75 1 1 0.625 1 1 0.875 1 1 0.875 1 1 0.75 0 0 0 0 0 0.05 0.05 0 0.1 0 0 0.05 0 0 0 0 0 0.05 0 0 0.05 0 0 0 1 7 8 5 5 6 1 0 3 0 2 4 0 1 3 0 1 2 0 1 3 0 1 3
"28" 1 0.875 0.375 1 1 1 1 0.875 1 1 0.875 1 1 0.875 1 1 1 1 1 1 1 1 1 1 0 0 0 0 0.2 0.15 0 0 0.1 0 0 0 0 0 0 0 0 0.05 0 0 0.05 0 0 0.05 0 2 6 0 5 5 0 1 5 0 1 0 0 1 0 0 0 4 0 0 4 0 0 4
"29" 0.875 0.875 0.75 0.875 0.875 0.875 0.875 0.875 0.875 0.875 0.875 0.875 0.875 0.875 0.875 0.875 0.875 0.875 0.875 0.875 0.875 0.875 0.875 0.875 0 0 0 0 0.15 0.15 0.05 0 0.1 0 0 0 0 0 0 0 0 0.05 0 0 0.05 0 0 0.05 5 5 5 3 7 6 4 5 6 3 5 5 3 5 5 3 5 6 3 5 6 3 5 6
"30" 0.875 0.875 0.5 0.875 0.875 0.875 0.875 0.875 0.875 0.875 0.875 0.875 0.875 0.875 0.875 0.875 0.875 0.875 0.875 0.875 0.875 0.875 0.875 0.875 0 0 0 0.05 0.05 0.05 0 0 0 0 0 0 0 0 0 0 0 0 0 0 0 0 0 0 3 5 7 3 3 3 3 3 3 3 3 3 3 3 3 3 3 3 3 3 3 3 3 3
"31" 1 0.625 0.75 0.75 0.875 1 1 1 1 1 1 1 1 1 1 1 1 1 1 1 1 1 1 1 0 0 0 0.15 0 0.2 0 0 0 0 0 0 0 0 0 0 0 0 0 0 0 0 0 0 3 6 5 7 1 7 3 1 3 3 1 3 3 1 3 0 0 0 3 3 3 3 3 3
"32" 1 1 0 1 0.875 1 1 1 1 1 1 1 1 1 1 1 1 1 1 1 1 1 1 1 0 0 0 0 0.1 0.1 0 0 0.05 0 0 0 0 0 0 0 0.1 0 0 0.05 0 0 0.05 0 1 5 8 1 5 3 1 1 2 1 1 1 1 1 1 1 3 1 1 2 1 1 2 1
"33" 1 0.5 0.625 1 0.875 1 1 1 1 1 1 0.875 1 1 1 1 1 1 1 1 1 1 1 1 0 0 0 0 0.1 0.1 0 0 0.05 0 0 0 0 0 0 0 0 0 0 0 0 0 0 0 1 7 7 1 3 4 0 0 1 0 1 1 0 1 0 0 0 0 0 0 0 0 0 0
"34" 0.875 0.875 0.25 1 0.875 1 0.875 1 1 1 1 1 1 1 1 0.875 1 1 0.875 1 1 0.875 1 1 0 0 0 0 0.1 0.15 0 0 0.15 0 0 0 0 0 0 0 0 0 0 0 0 0 0 0 3 1 7 0 4 8 3 3 6 3 3 3 3 3 3 3 0 3 3 0 3 3 0 3
"35" 0.875 0.875 0.375 1 1 1 0.875 0.875 1 0.875 0.875 1 0.875 0.875 1 1 1 1 1 0.875 1 0.875 0.875 1 0 0 0 0 0.1 0.2 0 0.05 0.05 0 0 0 0 0 0 0 0 0.05 0 0 0 0 0 0 3 3 7 1 3 9 3 4 2 3 3 2 3 3 2 3 3 4 3 3 3 3 3 3
"36" 0.75 0.625 0.125 0.875 0.875 0.875 0.875 0.875 0.875 0.875 0.75 0.75 0.875 0.75 0.75 0.875 0.875 0.875 0.875 0.875 0.875 0.875 0.875 0.875 0 0 0 0.05 0.1 0.15 0 0 0.15 0 0 0.1 0 0 0.05 0 0 0.05 0 0 0.05 0 0 0.05 2 6 8 2 3 5 1 1 6 1 2 6 1 2 4 1 1 3 1 1 3 1 1 3
"37" 1 1 0.875 0.875 0.875 0.875 1 1 1 1 1 1 1 1 1 1 1 1 1 1 1 1 1 1 0 0 0 0.05 0.05 0.1 0 0.05 0.05 0 0.05 0 0 0 0 0 0 0 0 0 0 0 0 0 0 0 3 6 6 7 0 1 1 0 1 0 0 0 0 0 0 0 0 0 0 0 0 0
"38" 1 0.875 0.875 1 0.875 1 1 1 1 1 1 1 1 1 1 1 1 1 1 1 1 1 1 1 0 0 0 0 0 0 0 0.05 0.15 0 0 0.05 0 0.05 0.05 0 0 0 0 0 0 0 0 0 0 3 3 3 6 5 0 1 4 0 0 1 0 1 1 0 0 0 0 0 0 0 0 0
"39" 0.875 0.625 0.25 1 1 1 1 1 0.875 1 1 0.875 1 1 0.875 1 1 1 1 1 1 1 0.875 1 0 0 0 0 0.1 0.05 0 0.05 0.1 0 0 0.05 0 0 0 0 0 0.05 0 0 0.05 0 0 0.05 2 7 8 1 4 2 0 1 3 0 0 3 0 0 2 0 0 1 0 0 2 0 1 2
"40" 1 0.75 0.625 1 1 0.875 1 1 0.875 1 1 1 1 1 0.875 1 1 0.875 1 1 0.875 1 1 0.875 0 0 0 0 0 0.1 0 0 0 0 0 0 0 0 0 0 0 0 0 0 0 0 0 0 5 5 6 1 0 7 1 5 1 5 5 5 5 5 5 1 5 1 1 5 1 1 5 1
"41" 1 0.75 0.5 1 1 0.875 1 1 1 1 1 1 1 1 1 1 1 1 1 1 1 1 1 1 0 0 0 0.05 0 0.05 0 0 0 0 0 0 0 0 0 0 0 0 0 0 0 0 0 0 3 3 5 2 1 2 3 3 3 3 3 3 3 3 3 0 3 0 0 3 3 0 3 3
"42" 0.625 0.5 0.125 1 1 1 0.875 1 1 0.875 1 0.875 0.875 1 0.875 0.875 1 1 0.875 1 1 0.875 1 1 0 0 0 0 0.05 0.05 0 0.05 0.05 0 0 0 0 0 0 0 0 0 0 0 0 0 0 0 4 7 8 5 6 3 3 4 5 3 3 3 3 3 3 3 3 3 3 3 3 3 3 3
"43" 0.875 0.875 0.375 1 1 1 0.875 1 1 0.875 1 0.875 0.875 1 0.875 0.875 0.875 0.875 0.875 0.875 0.875 0.875 0.875 0.875 0 0 0 0 0 0.05 0 0 0.05 0 0 0 0 0 0 0 0 0.05 0 0 0 0 0 0 2 2 7 1 1 2 2 0 3 2 0 2 2 0 2 2 2 3 2 2 2 2 2 2
"44" 0.875 0.75 0.375 1 0.75 0.75 0.875 0.875 1 0.875 0.875 1 0.875 0.875 0.875 0.875 1 1 0.875 0.875 1 0.875 0.875 0.875 0 0 0 0 0 0 0 0 0.05 0 0 0.05 0 0 0.05 0 0 0.05 0 0 0.05 0 0 0 2 3 7 3 6 6 2 2 4 2 2 3 2 2 3 2 2 3 2 2 3 2 2 2
"45" 1 1 0.625 1 0.875 0.75 1 1 1 1 1 1 1 1 1 1 1 1 1 1 1 1 1 1 0 0 0 0 0 0.05 0 0.05 0.05 0 0.05 0.05 0 0.05 0.05 0 0 0 0 0 0 0 0 0 0 0 6 0 5 6 0 1 1 0 1 1 0 1 1 0 0 0 0 0 0 0 0 0
"46" 0.75 0.625 0.5 1 1 0.75 0.875 1 0.875 0.875 1 0.875 0.875 0.875 0.875 0.875 1 0.75 0.875 1 0.75 0.875 1 0.75 0 0 0 0 0 0.05 0 0.05 0.05 0 0 0 0 0 0 0 0 0.05 0 0 0 0 0 0 6 6 6 1 5 7 6 6 6 6 5 5 6 6 5 6 5 7 6 5 6 6 5 6
"47" 0.875 0.875 0.25 1 1 1 0.875 1 1 0.875 0.875 0.875 0.875 0.875 1 0.875 1 1 0.875 1 1 0.875 1 1 0 0 0 0 0.2 0.15 0.05 0.05 0.05 0 0 0 0 0 0 0 0.05 0 0 0.05 0 0 0.05 0 3 3 8 1 6 8 4 5 1 3 3 5 3 3 5 3 4 0 3 4 3 3 4 3
"48" 0.875 0.75 0.5 1 0.875 0.75 0.875 0.875 0.875 0.875 0.875 0.875 0.875 0.875 0.875 0.875 1 0.875 0.875 0.875 0.875 0.875 1 0.875 0 0 0 0 0.05 0.15 0 0 0 0 0 0 0 0 0 0 0 0 0 0 0 0 0 0 1 3 4 1 3 6 1 1 1 1 1 1 1 1 1 1 1 1 1 1 1 1 1 1
"49" 0.875 0.875 0.25 1 1 1 1 1 1 1 1 1 1 1 1 1 1 1 1 1 1 1 1 1 0 0 0 0.05 0 0.05 0 0 0.05 0 0 0 0 0 0 0 0 0 0 0 0 0 0 0 3 3 6 6 1 6 3 3 6 3 3 3 3 3 3 3 3 3 3 3 3 3 3 3
"50" 0.75 0.75 0 1 1 0.875 0.875 0.875 0.75 0.75 0.875 0.75 0.75 0.875 0.75 0.875 0.875 1 0.75 0.875 0.75 0.75 0.875 0.75 0 0 0 0.05 0.05 0.25 0.05 0 0 0.05 0 0 0.05 0 0 0.05 0 0 0.05 0 0 0.05 0 0 4 4 8 1 1 8 5 4 4 5 4 4 5 4 4 5 4 3 5 4 4 5 4 4
"51" 0.875 0.5 0.5 1 0.875 0.875 0.875 1 0.875 0.875 0.875 0.875 0.875 1 0.875 1 1 1 0.875 0.875 0.875 0.875 1 0.875 0 0 0 0 0 0.05 0 0 0 0 0 0 0 0 0 0 0 0 0 0 0 0 0 0 3 6 6 5 5 6 3 3 3 3 3 3 3 3 3 3 0 3 3 3 3 3 3 3
"52" 1 1 0.625 1 1 1 1 1 1 1 1 1 1 1 1 1 1 1 1 1 1 1 1 1 0 0 0 0 0.05 0 0.05 0 0.05 0 0 0 0 0 0 0 0 0 0 0 0 0 0 0 2 2 5 1 2 1 3 1 5 1 1 3 1 1 3 1 1 2 1 1 2 1 1 2
"53" 0.75 0.75 0.625 1 1 1 0.875 1 0.875 0.875 1 0.75 0.875 1 0.75 0.875 1 0.875 0.875 1 0.75 0.875 1 0.75 0 0 0 0 0 0.1 0 0 0.1 0 0 0 0 0 0 0 0 0.1 0 0 0 0 0 0 3 3 5 1 1 3 3 0 5 3 3 3 3 3 3 3 3 5 3 3 3 3 3 3
"54" 0.75 0.75 0.375 1 0.875 0.875 0.875 1 1 0.875 1 1 0.875 1 1 0.875 1 1 0.875 1 1 0.875 1 1 0 0 0.05 0 0.05 0 0 0.05 0.1 0 0 0 0 0 0 0 0.05 0 0 0 0 0 0 0 2 3 6 0 2 2 1 1 3 1 0 0 1 0 0 1 1 1 1 0 1 1 0 1
"55" 1 0.875 0.875 0.75 0.75 0.75 1 1 1 1 1 1 1 1 1 1 1 1 1 1 1 1 1 1 0 0 0 0.05 0.05 0.15 0 0 0.05 0 0 0 0 0 0 0 0 0.05 0 0 0 0 0 0 3 3 5 6 6 10 0 0 1 0 0 1 0 0 0 0 0 1 0 0 0 0 0 0
"56" 0.875 0.5 0.375 1 0.875 1 1 1 1 1 1 1 1 1 1 1 1 1 1 1 1 1 1 1 0 0 0 0.1 0.05 0.1 0 0 0 0 0 0 0 0 0 0 0 0 0 0 0 0 0 0 3 4 5 4 6 7 0 3 0 3 3 3 3 3 3 4 3 0 4 3 3 3 3 3
"57" 0.875 0.875 0.5 1 1 1 0.875 0.875 0.875 0.875 0.875 0.875 0.875 0.875 0.875 0.875 0.875 0.875 0.875 0.875 0.875 0.875 0.875 0.875 0 0 0 0 0 0 0 0 0.05 0 0 0 0 0 0 0 0 0 0 0 0 0 0 0 5 5 5 5 5 5 2 2 3 2 5 3 2 5 3 2 2 2 2 2 5 2 2 5
"58" 1 0.875 0.5 1 0.75 0.75 1 1 1 1 1 1 1 1 1 1 1 1 1 1 1 1 1 1 0 0 0 0 0.05 0.2 0 0.05 0 0 0.05 0 0 0.05 0 0 0.05 0 0 0.05 0 0 0.05 0 5 5 6 0 7 8 1 2 0 1 3 1 1 3 1 1 3 1 1 6 1 1 6 1
"59" 0.875 0.75 0 0.875 0.875 0.875 1 0.75 0.75 0.875 0.75 0.75 0.875 0.75 0.75 1 0.75 0.75 1 0.75 0.75 0.875 0.75 0.75 0 0 0 0 0.15 0.1 0.05 0.1 0.2 0.05 0.1 0.05 0.05 0.1 0 0.05 0.1 0.1 0.05 0.05 0.1 0.05 0 0.1 4 4 8 1 4 3 1 6 8 2 6 5 2 6 4 1 6 5 1 5 6 2 4 6
"60" 0.875 0.75 0.25 0.875 0.875 0.875 0.875 0.875 0.875 0.875 0.875 0.875 0.875 0.875 0.875 0.875 0.875 1 0.875 0.875 1 0.875 0.875 1 0 0 0 0.1 0.15 0.25 0 0.05 0.05 0 0 0 0 0 0 0 0 0 0 0 0 0 0 0 3 5 7 5 8 10 3 4 4 3 3 3 3 3 5 3 3 0 3 3 3 3 3 0
"61" 1 0.625 0.625 1 1 1 1 1 0.875 1 1 0.875 1 1 0.875 1 1 0.875 1 1 0.875 1 1 0.875 0 0 0 0.05 0.15 0.15 0.05 0 0.15 0 0 0.1 0 0 0.05 0 0.05 0.05 0 0.05 0.05 0 0 0 1 6 6 4 6 8 1 1 6 1 1 4 1 1 3 0 1 2 0 1 2 0 0 1
"62" 0.875 0.875 0.875 1 1 1 1 1 1 1 1 0.875 1 1 0.875 1 1 1 1 1 0.875 1 1 0.875 0 0 0 0 0.1 0 0 0.05 0.1 0 0 0 0 0 0 0 0.05 0 0 0.05 0 0 0.05 0 2 2 5 0 2 1 2 3 5 2 2 2 2 2 2 2 3 2 2 3 2 2 3 2
"63" 0.875 0.875 0.5 0.75 0.75 0.75 1 1 0.875 1 1 0.875 1 1 0.875 1 1 1 1 1 1 1 1 1 0 0 0 0.1 0.1 0.1 0 0 0 0 0 0 0 0 0 0 0 0 0 0 0 0 0 0 3 5 6 4 4 6 3 0 3 3 0 3 3 0 3 0 0 3 3 0 3 3 0 3
"64" 1 0.875 0.125 1 0.875 0.75 1 0.875 0.875 1 0.875 0.875 1 0.875 0.875 1 1 0.875 1 1 0.875 1 1 0.875 0 0 0.05 0 0.1 0 0 0.05 0.05 0 0 0 0 0 0 0 0 0 0 0 0 0 0 0 1 2 9 1 4 2 1 3 3 1 3 2 1 2 2 1 1 2 1 1 2 1 1 2
"65" 1 0.375 0.5 1 1 1 1 1 1 1 1 0.875 1 1 0.875 1 1 1 1 1 0.875 1 1 0.875 0 0 0 0 0.15 0.1 0 0 0.05 0 0 0.05 0 0 0.05 0 0 0 0 0 0 0 0 0 5 6 6 1 4 3 5 5 4 5 5 6 5 5 6 5 5 5 5 5 5 5 5 5
"66" 0.75 0.75 0.5 1 1 1 1 1 0.75 1 1 0.75 1 1 0.75 0.875 1 0.875 0.875 1 0.875 0.875 0.875 0.875 0 0 0 0 0.05 0.05 0 0 0.15 0 0 0 0 0 0.05 0 0 0.1 0 0 0 0 0 0 4 4 7 2 3 3 0 5 8 0 3 4 0 3 5 1 3 7 1 3 4 1 4 4
"67" 0.875 0.875 0 0.875 0.875 0.75 1 1 1 0.875 0.875 0.875 1 0.875 0.875 0.875 0.875 1 0.875 0.875 0.875 0.875 0.875 0.875 0 0 0 0 0.15 0.1 0 0 0.15 0 0 0.05 0 0 0.05 0 0 0.15 0 0 0.05 0 0 0.05 3 5 8 1 7 8 0 0 3 3 3 4 0 3 4 3 3 3 3 3 4 3 3 4
"68" 0.75 0.625 0.625 0.875 1 1 1 0.875 0.875 1 0.875 0.75 1 0.875 0.75 1 0.875 0.75 1 0.875 0.75 1 0.875 0.75 0 0 0 0 0.1 0.05 0 0 0 0 0 0 0 0 0 0 0 0 0 0 0 0 0 0 2 4 4 3 5 4 1 1 1 1 1 2 1 1 2 1 1 2 1 1 2 1 1 2
"69" 1 1 0.75 1 1 0.875 1 1 1 1 1 1 1 1 1 1 1 1 1 1 1 1 1 1 0 0 0 0.15 0.25 0.2 0 0 0.05 0 0 0 0 0 0 0 0 0 0 0 0 0 0 0 0 1 3 4 8 5 0 0 1 0 0 0 0 0 0 0 0 0 0 0 0 0 0 0
"70" 0.875 0.875 0.375 0.875 0.875 0.875 1 1 1 1 1 1 1 1 1 1 1 1 1 1 1 1 1 1 0 0 0 0 0.1 0.15 0 0.05 0.05 0 0 0.05 0 0 0.05 0 0 0.05 0 0 0.05 0 0 0.05 2 2 6 5 7 8 0 2 1 0 1 2 0 1 2 0 1 1 0 1 1 0 1 1
"71" 1 0.75 0.75 1 0.875 0.875 0.875 0.875 0.875 0.875 0.875 0.875 0.875 0.875 0.875 0.875 0.875 1 0.875 0.875 0.875 0.875 0.875 0.875 0 0 0 0.1 0.05 0.05 0 0.05 0.15 0.05 0 0.1 0.05 0 0.05 0 0.05 0 0 0 0 0 0 0 0 5 5 4 3 6 2 2 8 3 2 5 3 2 4 2 3 0 2 2 3 2 2 3
"72" 1 0.75 0.375 0.875 0.875 0.75 1 1 1 1 1 1 1 1 1 1 1 1 1 1 1 1 1 1 0 0 0 0 0.05 0.05 0 0 0 0 0 0 0 0 0 0 0 0 0 0 0 0 0 0 1 6 7 2 3 4 0 0 1 0 1 1 0 1 1 0 0 0 0 0 0 0 0 0
"73" 0.75 0.375 0.375 0.875 0.875 0.875 0.875 0.875 0.75 0.875 0.75 0.75 0.875 0.75 0.75 0.875 0.75 0.75 0.875 0.75 0.75 0.875 0.75 0.75 0 0 0 0 0.05 0.05 0 0 0.1 0 0 0.05 0 0 0.05 0 0 0.05 0 0 0 0 0 0 5 6 7 5 6 6 5 5 7 5 5 6 5 5 6 5 5 6 5 5 5 5 5 5
"74" 1 0.625 0.625 1 1 1 1 1 0.875 1 0.75 0.625 1 0.75 0.625 1 1 1 1 1 1 1 1 1 0 0 0 0 0.05 0.05 0 0 0.1 0 0 0.05 0 0 0.05 0 0 0.05 0 0 0 0 0 0 5 5 5 1 6 3 1 2 5 1 5 6 1 5 6 2 2 5 5 5 4 5 5 4
"75" 1 0.75 0.625 0.875 0.875 0.875 1 1 1 1 1 1 1 1 1 1 1 1 1 1 1 1 1 1 0 0 0 0 0.15 0.1 0 0 0.05 0 0 0.05 0 0 0.05 0 0 0 0 0 0 0 0 0 0 5 5 2 5 4 0 0 1 0 0 1 0 0 1 0 0 0 0 0 0 0 0 0
"76" 0.75 0.5 0.375 1 1 1 0.875 0.875 0.875 0.875 0.625 0.875 0.875 0.625 0.875 0.875 0.875 0.875 0.875 0.875 0.875 0.875 0.875 0.875 0 0 0 0.1 0.05 0.15 0 0.05 0.05 0 0 0 0 0 0 0 0 0.05 0 0 0.05 0 0 0.05 6 6 7 2 2 8 5 5 4 5 6 3 5 6 3 5 3 6 5 3 6 5 3 6
"77" 0.875 0.625 0.875 0.875 1 0.875 1 1 1 1 1 1 1 1 1 1 1 1 1 1 1 1 1 1 0 0 0 0 0 0.1 0 0.05 0 0 0 0 0 0 0 0 0 0 0 0 0 0 0 0 4 6 5 2 2 8 0 2 0 0 0 0 0 0 0 0 0 0 0 0 0 0 0 0
"78" 1 0.375 0.5 1 1 0.875 1 1 1 1 0.875 1 1 0.875 1 1 1 1 1 1 1 1 1 1 0 0 0 0.05 0.05 0.1 0 0 0 0 0 0 0 0 0 0 0 0 0 0 0 0 0 0 5 7 7 2 2 5 5 3 2 5 5 5 5 5 5 5 3 5 5 5 5 5 5 5
"79" 0.875 0.75 0.625 1 1 1 1 0.875 1 1 0.75 0.875 1 0.75 1 1 0.875 1 1 0.75 1 1 0.75 1 0 0 0 0.05 0.15 0.1 0 0.1 0 0 0.05 0 0 0.05 0 0 0.05 0 0 0 0 0 0 0 2 2 6 1 8 3 0 6 0 0 3 1 0 3 1 0 2 1 0 2 1 0 2 1
"80" 0.75 0.5 0.5 1 1 1 0.875 0.875 0.75 0.875 0.875 0.75 0.875 0.875 0.625 0.875 0.875 0.75 0.875 0.875 0.75 0.875 0.875 0.75 0 0 0 0.05 0 0.05 0 0 0 0 0 0 0 0 0 0 0 0 0 0 0 0 0 0 5 6 6 3 2 3 5 5 5 5 5 5 5 5 5 5 5 5 5 5 5 5 5 5
"81" 0.875 0.875 0.875 1 1 1 1 1 1 1 1 1 1 1 1 1 1 1 1 1 1 1 1 1 0 0 0 0.05 0.05 0.15 0 0.15 0 0 0.1 0 0 0.1 0 0 0 0 0 0 0 0 0 0 2 2 2 2 2 4 1 5 1 1 3 1 1 3 1 1 1 1 1 1 1 1 1 1
"82" 1 0.625 0.625 1 1 1 0.875 0.875 1 0.875 0.875 0.875 0.875 0.875 0.875 0.875 0.875 1 0.875 0.875 1 0.875 0.875 1 0 0 0 0.05 0.2 0.15 0 0.05 0.05 0 0.05 0 0 0.05 0 0 0 0 0 0 0 0 0 0 3 4 5 2 8 8 3 4 4 3 4 3 3 4 3 3 3 3 3 3 3 3 3 3
"83" 1 0.75 0.875 1 1 0.875 1 1 1 1 1 1 1 1 1 1 1 1 1 0.875 1 1 0.875 1 0 0 0 0 0 0 0 0.05 0.05 0 0 0.05 0 0 0.05 0 0 0 0 0 0 0 0 0 1 5 2 1 5 5 1 2 2 1 1 2 1 1 2 1 1 1 1 2 1 1 2 1
"84" 1 0.75 0.375 1 1 0.875 1 1 1 1 1 0.875 1 1 1 1 1 1 1 1 1 1 1 1 0 0 0 0 0.1 0.2 0 0 0.05 0 0 0 0 0 0 0 0 0.05 0 0 0 0 0 0 5 6 6 0 3 7 5 5 3 5 5 5 5 5 2 5 5 6 5 5 5 5 5 5
"85" 1 0.625 0.5 0.875 0.875 0.875 0.875 1 1 0.875 0.875 1 0.875 1 1 0.875 1 1 1 1 1 1 1 1 0 0 0 0 0 0.05 0 0 0.05 0 0 0.05 0 0 0.05 0 0 0.1 0 0 0 0 0 0 5 5 6 3 3 4 5 5 3 5 5 6 5 5 6 5 5 6 5 5 5 5 5 5
"86" 0.875 0.875 0.75 1 1 0.875 0.875 0.875 1 0.875 0.875 1 0.875 0.875 0.875 0.875 0.875 1 0.875 0.875 1 0.875 0.875 0.875 0 0 0 0 0.05 0.2 0 0.1 0.1 0 0.05 0.05 0 0.05 0 0 0.05 0.1 0 0 0.05 0 0 0 1 3 5 5 6 9 1 5 3 1 4 2 1 4 1 1 4 3 1 3 2 1 3 1
"87" 1 0.875 0.75 1 1 1 1 1 1 1 1 1 1 1 1 1 1 1 1 1 1 1 1 1 0 0 0 0 0.05 0.2 0 0.05 0.05 0 0 0.05 0 0 0 0 0 0 0 0 0 0 0 0 1 5 2 0 1 4 1 2 6 1 1 6 1 1 1 1 0 0 1 1 1 1 1 1
"88" 1 0.625 0.375 1 0.875 0.875 1 1 1 1 1 1 1 1 1 1 1 1 1 1 1 1 1 1 0 0 0 0.05 0 0 0 0 0.05 0 0 0.05 0 0 0 0 0 0.05 0 0 0.05 0 0 0.05 3 4 7 2 2 1 0 0 2 0 0 2 0 0 1 0 0 2 0 0 2 0 0 2
"89" 1 0.75 0.625 0.875 0.875 0.875 1 1 1 1 1 1 1 0.875 1 1 1 1 1 1 1 1 1 1 0 0 0.05 0.05 0 0.05 0 0.05 0 0 0 0.05 0 0 0 0 0 0 0 0 0 0 0 0 1 2 7 6 5 6 1 2 5 1 1 6 1 2 5 1 1 1 1 1 1 1 1 1
"90" 0.875 0.625 0.375 1 1 0.75 1 1 0.875 0.875 1 0.625 0.875 1 0.625 1 1 0.75 1 1 0.625 1 1 0.625 0 0 0 0 0.1 0.1 0 0 0 0 0 0 0 0 0 0 0 0.1 0 0 0 0 0 0 5 6 7 1 7 7 3 3 5 4 5 6 4 5 6 3 3 7 3 3 6 3 3 6
"91" 0.875 0.75 0.5 0.875 0.875 0.875 1 1 1 1 0.875 1 1 0.875 1 1 1 1 1 0.875 1 1 0.875 1 0 0 0 0 0 0.05 0 0 0 0 0 0 0 0 0 0 0 0.05 0 0 0 0 0 0 5 5 5 3 3 6 1 5 0 1 5 3 1 5 3 1 0 4 1 3 3 1 5 3
"92" 0.875 0.5 0.5 0.875 0.875 0.875 1 0.875 0.75 0.875 0.875 0.75 0.875 0.875 0.75 0.875 0.875 0.875 0.875 0.875 0.75 0.875 0.875 0.875 0 0 0 0.05 0.1 0.1 0 0.05 0 0 0 0 0 0 0 0 0 0 0 0 0 0 0 0 5 7 7 4 5 7 5 6 5 5 5 5 5 5 5 5 5 5 5 5 5 5 5 5
"93" 1 0.75 0.75 1 1 0.875 1 1 1 1 0.875 1 1 0.875 1 1 1 0.875 1 1 0.875 1 1 0.875 0 0 0 0 0.15 0.15 0 0 0 0 0 0 0 0 0 0 0 0.05 0 0 0.05 0 0 0.05 5 5 5 1 4 5 3 3 5 3 3 5 3 3 5 3 3 4 3 3 4 3 3 4
"94" 0.875 0.625 0.25 1 0.875 0.875 0.875 0.875 1 0.875 0.875 0.875 0.875 0.875 0.875 1 0.875 1 0.875 0.875 0.875 1 0.875 0.875 0.05 0 0 0 0.1 0.1 0 0 0.05 0 0 0 0 0 0 0 0 0 0 0 0 0 0 0 5 5 8 1 6 7 1 4 1 1 4 1 1 4 1 0 1 1 1 4 1 0 4 1
"95" 1 0.875 0.125 0.875 0.875 0.875 1 1 1 1 1 1 1 1 1 1 1 1 1 1 1 1 1 1 0 0 0 0 0 0.1 0 0.1 0.05 0 0 0 0 0 0 0 0 0 0 0 0 0 0 0 3 3 8 1 1 8 0 2 3 0 0 1 0 0 0 0 0 0 0 0 0 0 0 0
"96" 0.875 0.75 0 1 1 1 1 1 0.875 1 1 0.875 1 1 0.875 1 1 0.875 1 1 0.875 1 1 0.875 0 0.05 0 0 0.25 0.2 0 0.05 0.1 0 0.05 0.05 0 0.05 0 0 0.05 0 0 0.05 0 0 0 0 1 5 8 1 8 9 0 2 3 0 2 2 0 2 1 0 1 1 0 1 1 0 0 1
"97" 0.875 0.75 0.375 1 1 1 0.875 0.875 1 0.875 0.875 0.875 0.875 0.875 0.875 0.875 0.875 1 0.875 0.875 0.875 0.875 0.875 0.875 0 0 0 0.1 0.15 0.15 0 0 0 0 0 0 0 0 0 0 0 0 0 0 0 0 0 0 3 3 7 4 3 5 3 3 0 3 3 3 3 3 3 3 3 3 3 3 3 3 3 3
"98" 0.75 0.75 0.5 0.875 0.875 0.875 0.875 0.75 0.875 0.875 0.75 0.875 0.875 0.75 0.875 0.875 0.75 0.875 0.75 0.75 0.875 0.75 0.75 0.875 0 0 0 0.05 0.2 0.05 0 0 0.1 0 0 0.05 0 0 0.05 0 0 0.1 0 0 0 0 0 0 5 5 6 2 6 2 2 5 5 2 5 4 2 5 4 2 5 6 5 5 2 5 5 2
"99" 1 0.875 0.5 1 1 1 1 1 1 1 1 1 1 1 1 1 1 1 1 1 1 1 1 1 0 0 0 0 0 0.15 0.05 0.05 0.05 0.05 0.05 0 0.05 0.05 0 0.05 0 0 0.05 0 0 0.05 0 0 3 5 7 1 1 5 4 1 3 4 1 3 4 1 3 1 0 0 1 0 0 1 0 0
"100" 1 0.625 0.75 1 1 0.75 1 0.875 1 1 0.875 1 1 0.875 1 1 0.875 1 1 0.875 1 1 0.875 1 0 0 0 0 0 0.05 0 0.1 0 0 0.05 0 0 0.1 0 0 0.05 0 0 0.05 0 0 0.05 0 0 3 2 3 3 7 0 4 0 0 2 0 0 4 0 0 3 0 0 3 0 0 2 0
